%YAML:1.0
---
cntFrames: 6
G: !!opencv-matrix
   rows: 3
   cols: 1
   dt: f
   data: [ -6.07326210e-01, 9.08026218e+00, 3.66279817e+00 ]
fx: 4.3520468139648438e+02
fy: 4.3520468139648438e+02
cx: 3.6745172119140625e+02
cy: 2.5220085144042969e+02
mbf: 4.7906394958496094e+01
mb: 1.1007785052061081e-01
Tbc: !!opencv-matrix
   rows: 4
   cols: 4
   dt: f
   data: [ 1.48655428e-02, -9.99880910e-01, 4.14029695e-03,
       -2.16401462e-02, 9.99557257e-01, 1.49672134e-02, 2.57155299e-02,
       -6.46769851e-02, -2.57744361e-02, 3.75618832e-03, 9.99660730e-01,
       9.81073081e-03, 0., 0., 0., 1. ]
Ric: !!opencv-matrix
   rows: 3
   cols: 3
   dt: f
   data: [ 1.48655428e-02, -9.99880910e-01, 4.14029695e-03,
       9.99557257e-01, 1.49672134e-02, 2.57155299e-02, -2.57744361e-02,
       3.75618832e-03, 9.99660730e-01 ]
Tic: !!opencv-matrix
   rows: 4
   cols: 1
   dt: f
   data: [ -2.16401462e-02, -6.46769851e-02, 9.81073081e-03, 1. ]
PreintData:
   -
      Id: 418
      Pi: !!opencv-matrix
         rows: 3
         cols: 1
         dt: f
         data: [ 1.06417394e+00, -6.82881296e-01, 2.70370662e-01 ]
      Qi: !!opencv-matrix
         rows: 4
         cols: 1
         dt: f
         data: [ 7.02301681e-01, 8.02691355e-02, 1.92281585e-02,
             -7.07078159e-01 ]
      Vi: !!opencv-matrix
         rows: 3
         cols: 1
         dt: f
         data: [ -7.48697221e-01, 9.71051380e-02, 2.90629804e-01 ]
      Bai: !!opencv-matrix
         rows: 3
         cols: 1
         dt: f
         data: [ -3.93719450e-02, 9.54185501e-02, 6.44650385e-02 ]
      Bgi: !!opencv-matrix
         rows: 3
         cols: 1
         dt: f
         data: [ -2.15875520e-03, 2.02064291e-02, 7.56884366e-02 ]
      DeltaT: 3.9999985694885254e-01
      dPi: !!opencv-matrix
         rows: 3
         cols: 1
         dt: f
         data: [ 7.61194527e-01, 1.82385333e-02, -2.83653170e-01 ]
      dVi: !!opencv-matrix
         rows: 3
         cols: 1
         dt: f
         data: [ 3.74499416e+00, 1.03728138e-01, -1.42222941e+00 ]
      dRi: !!opencv-matrix
         rows: 3
         cols: 3
         dt: f
         data: [ 9.92239654e-01, 1.23041779e-01, 1.79208424e-02,
             -1.07552491e-01, 9.21635807e-01, -3.72853786e-01,
             -6.23930842e-02, 3.68032902e-01, 9.27717030e-01 ]
      dBai: !!opencv-matrix
         rows: 3
         cols: 1
         dt: f
         data: [ 0., 0., 0. ]
      dBgi: !!opencv-matrix
         rows: 3
         cols: 1
         dt: f
         data: [ 0., 0., 0. ]
      CovPVPhi: !!opencv-matrix
         rows: 15
         cols: 15
         dt: f
         data: [ 6.45607579e-05, -5.86838311e-09, 8.00317110e-08,
             2.42192313e-04, -3.74586797e-08, 5.01102591e-07,
             2.02085619e-08, -1.70995179e-07, 5.43932082e-08, 0., 0., 0.,
             0., 0., 0., -5.86838311e-09, 6.47746201e-05, 2.19730989e-09,
             -4.07556087e-08, 2.43526694e-04, 1.53082862e-08,
             1.49367523e-07, 1.98157224e-07, 4.45721582e-07, 0., 0., 0.,
             0., 0., 0., 8.00317110e-08, 2.19730989e-09, 6.47448542e-05,
             5.10398877e-07, 1.43345114e-08, 2.43336297e-04,
             6.50852314e-08, -4.38072419e-07, 1.78548774e-07, 0., 0., 0.,
             0., 0., 0., 2.42192313e-04, -4.07556087e-08, 5.10398877e-07,
             1.21131504e-03, -2.76133306e-07, 3.40764791e-06,
             1.55139062e-07, -1.31161244e-06, 4.09566042e-07, 0., 0., 0.,
             0., 0., 0., -3.74586797e-08, 2.43526694e-04, 1.43345114e-08,
             -2.76133306e-07, 1.22019113e-03, 1.06014951e-07,
             1.14830470e-06, 1.48708023e-06, 3.33706157e-06, 0., 0., 0.,
             0., 0., 0., 5.01102591e-07, 1.53082862e-08, 2.43336297e-04,
             3.40764791e-06, 1.06014951e-07, 1.21889263e-03,
             4.96805740e-07, -3.27810289e-06, 1.33672995e-06, 0., 0., 0.,
             0., 0., 0., 2.02085619e-08, 1.49367523e-07, 6.50852314e-08,
             1.55139062e-07, 1.14830470e-06, 4.96805740e-07,
             1.93599817e-06, 3.48942880e-13, -1.09661401e-12, 0., 0., 0.,
             0., 0., 0., -1.70995179e-07, 1.98157224e-07,
             -4.38072419e-07, -1.31161244e-06, 1.48708023e-06,
             -3.27810289e-06, 3.48942880e-13, 1.93599453e-06,
             -1.26552225e-13, 0., 0., 0., 0., 0., 0., 5.43932082e-08,
             4.45721582e-07, 1.78548774e-07, 4.09566042e-07,
             3.33706157e-06, 1.33672995e-06, -1.09661401e-12,
             -1.26552225e-13, 1.93599476e-06, 0., 0., 0., 0., 0., 0., 0.,
             0., 0., 0., 0., 0., 0., 0., 0., 9.99999611e-06, 0., 0., 0.,
             0., 0., 0., 0., 0., 0., 0., 0., 0., 0., 0., 0.,
             9.99999611e-06, 0., 0., 0., 0., 0., 0., 0., 0., 0., 0., 0.,
             0., 0., 0., 0., 9.99999611e-06, 0., 0., 0., 0., 0., 0., 0.,
             0., 0., 0., 0., 0., 0., 0., 0., 1.59999944e-10, 0., 0., 0.,
             0., 0., 0., 0., 0., 0., 0., 0., 0., 0., 0., 0.,
             1.59999944e-10, 0., 0., 0., 0., 0., 0., 0., 0., 0., 0., 0.,
             0., 0., 0., 0., 1.59999944e-10 ]
      dpdba: !!opencv-matrix
         rows: 3
         cols: 3
         dt: f
         data: [ -8.08799565e-02, -3.66690685e-03, 2.76808452e-04,
             3.59535706e-03, -7.97339901e-02, 1.13114966e-02,
             4.53179266e-04, -1.12894168e-02, -7.98458010e-02 ]
      dpdbg: !!opencv-matrix
         rows: 3
         cols: 3
         dt: f
         data: [ -1.53554382e-03, 3.79333459e-02, -1.20937906e-03,
             -3.78370471e-02, -1.21759064e-02, -9.93163437e-02,
             -6.36462774e-03, 9.92931947e-02, -1.08337328e-02 ]
      dqdbg: !!opencv-matrix
         rows: 3
         cols: 3
         dt: f
         data: [ -3.98885399e-01, 2.09225062e-02, 1.53301172e-02,
             -2.37701852e-02, -3.90570879e-01, -6.93397820e-02,
             -9.89209581e-03, 7.02486336e-02, -3.91183645e-01 ]
      dvdba: !!opencv-matrix
         rows: 3
         cols: 3
         dt: f
         data: [ -3.98891896e-01, -2.60373540e-02, -3.30915587e-04,
             2.46818364e-02, -3.88406843e-01, 8.02995414e-02,
             6.96243439e-03, -7.98775405e-02, -3.89383554e-01 ]
      dvdbg: !!opencv-matrix
         rows: 3
         cols: 3
         dt: f
         data: [ -1.29542407e-02, 2.87387520e-01, -1.73274688e-02,
             -2.84123749e-01, -1.16090223e-01, -7.34828651e-01,
             -5.61378412e-02, 7.33728647e-01, -1.03131652e-01 ]
   -
      Id: 97
      Pi: !!opencv-matrix
         rows: 3
         cols: 1
         dt: f
         data: [ 1.34849596e+00, -6.92907274e-01, 8.22366402e-02 ]
      Qi: !!opencv-matrix
         rows: 4
         cols: 1
         dt: f
         data: [ 7.45134771e-01, -6.72907606e-02, 1.33277074e-01,
             -6.49987221e-01 ]
      Vi: !!opencv-matrix
         rows: 3
         cols: 1
         dt: f
         data: [ -6.73355162e-01, 2.69827340e-02, 6.26219153e-01 ]
      Bai: !!opencv-matrix
         rows: 3
         cols: 1
         dt: f
         data: [ -3.94680053e-02, 9.54506621e-02, 6.49915487e-02 ]
      Bgi: !!opencv-matrix
         rows: 3
         cols: 1
         dt: f
         data: [ -2.15883716e-03, 2.02063397e-02, 7.56884515e-02 ]
      DeltaT: 2.0000004768371582e-01
      dPi: !!opencv-matrix
         rows: 3
         cols: 1
         dt: f
         data: [ 1.82378381e-01, 4.74600215e-03, -7.23958537e-02 ]
      dVi: !!opencv-matrix
         rows: 3
         cols: 1
         dt: f
         data: [ 1.77710700e+00, 6.49699196e-02, -7.03288734e-01 ]
      dRi: !!opencv-matrix
         rows: 3
         cols: 3
         dt: f
         data: [ 9.97823417e-01, 6.47080168e-02, 1.27002811e-02,
             -5.96356243e-02, 9.67689574e-01, -2.44990751e-01,
             -2.81427950e-02, 2.43700117e-01, 9.69442248e-01 ]
      dBai: !!opencv-matrix
         rows: 3
         cols: 1
         dt: f
         data: [ 9.60595426e-05, -3.21125408e-05, -5.26507443e-04 ]
      dBgi: !!opencv-matrix
         rows: 3
         cols: 1
         dt: f
