%YAML:1.0
---
cntFrames: 6
PreintData:
   -
      Id: 0
      Pi: !!opencv-matrix
         rows: 3
         cols: 1
         dt: f
         data: [ 1.10195681e-01, 3.61555040e-01, 2.86749631e-01 ]
      Qi: !!opencv-matrix
         rows: 4
         cols: 1
         dt: f
         data: [ 6.97363436e-01, 1.15631744e-01, -7.31027871e-02,
             -7.03540683e-01 ]
      Bai: !!opencv-matrix
         rows: 3
         cols: 1
         dt: f
         data: [ -5.57894036e-02, 2.56788433e-01, 2.05934849e-02 ]
      Bgi: !!opencv-matrix
         rows: 3
         cols: 1
         dt: f
         data: [ -3.13533866e-03, 2.12085843e-02, 7.88006410e-02 ]
      DeltaT: 4.9999952316284180e-02
      dPi: !!opencv-matrix
         rows: 3
         cols: 1
         dt: f
         data: [ 1.30419703e-02, -1.05069671e-03, -3.58824688e-03 ]
      dVi: !!opencv-matrix
         rows: 3
         cols: 1
         dt: f
         data: [ 4.73551333e-01, -3.80939990e-02, -1.30167842e-01 ]
      dRi: !!opencv-matrix
         rows: 3
         cols: 3
         dt: f
         data: [ 1., -3.05941867e-05, -3.24302637e-05, 3.05948743e-05,
             1., 2.12592950e-05, 3.24296125e-05, -2.12602881e-05, 1. ]
      dBai: !!opencv-matrix
         rows: 3
         cols: 1
         dt: f
         data: [ 0., 0., 0. ]
      dBgi: !!opencv-matrix
         rows: 3
         cols: 1
         dt: f
         data: [ 0., 0., 0. ]
      CovPVPhi: !!opencv-matrix
         rows: 9
         cols: 9
         dt: f
         data: [ 1.25726061e-07, 4.13596186e-13, 1.42924214e-12,
             3.78125264e-06, 2.18174281e-11, 7.54377116e-11,
             -7.60927813e-15, -2.24255822e-10, 6.48862908e-11,
             4.13596186e-13, 1.25731219e-07, -1.13717697e-13,
             2.19649125e-11, 3.78152527e-06, -6.03745656e-12,
             2.24279720e-10, -2.41013840e-14, 8.16191781e-10,
             1.42924214e-12, -1.13717697e-13, 1.25730864e-07,
             7.53539384e-11, -5.99027945e-12, 3.78150639e-06,
             -6.49252180e-11, -8.16195889e-10, -1.25087191e-14,
             3.78125264e-06, 2.19649125e-11, 7.53539384e-11,
             1.51250977e-04, 1.23706767e-09, 4.23926005e-09,
             -4.78342301e-13, -1.41392098e-08, 4.13727586e-09,
             2.18174281e-11, 3.78152527e-06, -5.99027945e-12,
             1.23706767e-09, 1.51266315e-04, -3.39568845e-10,
             1.41407170e-08, -1.52072929e-12, 5.15251912e-08,
             7.54377116e-11, -6.03745656e-12, 3.78150639e-06,
             4.23926005e-09, -3.39568845e-10, 1.51265252e-04,
             -4.13973256e-09, -5.15254470e-08, -7.88399565e-13,
             -7.60927813e-15, 2.24279720e-10, -6.49252180e-11,
             -4.78342301e-13, 1.41407170e-08, -4.13973256e-09,
             2.41999544e-07, 3.15456313e-20, -5.44496188e-19,
             -2.24255822e-10, -2.41013840e-14, -8.16195889e-10,
             -1.41392098e-08, -1.52072929e-12, -5.15254470e-08,
             3.15456313e-20, 2.41999544e-07, 3.07780981e-19,
             6.48862908e-11, 8.16191781e-10, -1.25087191e-14,
             4.13727586e-09, 5.15251912e-08, -7.88399565e-13,
             -5.44496188e-19, 3.07780981e-19, 2.41999544e-07 ]
      dpdba: !!opencv-matrix
         rows: 3
         cols: 3
         dt: f
         data: [ -1.37499743e-03, 5.72571430e-08, -1.84113824e-09,
             -5.72571750e-08, -1.37499743e-03, -1.48828363e-08,
             1.84197646e-09, 1.48826151e-08, -1.37499743e-03 ]
      dpdbg: !!opencv-matrix
         rows: 3
         cols: 3
         dt: f
         data: [ -3.43536567e-06, 5.41847112e-05, -1.57031063e-05,
             -5.41840927e-05, -3.43432839e-06, -1.97248242e-04,
             1.57110189e-05, 1.97247486e-04, -3.43638021e-06 ]
      dqdbg: !!opencv-matrix
         rows: 3
         cols: 3
         dt: f
         data: [ -4.99999523e-02, 5.41189365e-07, -1.43619866e-06,
             -5.41199768e-07, -4.99999523e-02, 2.11544318e-07,
             1.43620139e-06, -2.11566729e-07, -4.99999523e-02 ]
      dvdba: !!opencv-matrix
         rows: 3
         cols: 3
         dt: f
         data: [ -4.99999523e-02, 2.07090511e-06, 1.85308252e-07,
             -2.07091261e-06, -4.99999523e-02, -8.51462175e-07,
             -1.85267893e-07, 8.51463028e-07, -4.99999523e-02 ]
      dvdbg: !!opencv-matrix
         rows: 3
         cols: 3
         dt: f
         data: [ 1.37241571e-07, 3.24560259e-03, -9.49189998e-04,
             -3.24557279e-03, 2.57504098e-07, -1.18194474e-02,
             9.49717942e-04, 1.18194027e-02, 1.23250217e-07 ]
   -
      Id: 1
      Pi: !!opencv-matrix
         rows: 3
         cols: 1
         dt: f
         data: [ 1.10141881e-01, 3.61584753e-01, 2.86828160e-01 ]
      Qi: !!opencv-matrix
         rows: 4
         cols: 1
         dt: f
         data: [ 6.97275817e-01, 1.15637586e-01, -7.30739683e-02,
             -7.03629553e-01 ]
      Bai: !!opencv-matrix
         rows: 3
         cols: 1
         dt: f
         data: [ -5.57894036e-02, 2.56788433e-01, 2.05934849e-02 ]
      Bgi: !!opencv-matrix
         rows: 3
         cols: 1
         dt: f
         data: [ -3.13533866e-03, 2.12085843e-02, 7.88006410e-02 ]
      DeltaT: 5.0000000000000000e-01
      dPi: !!opencv-matrix
         rows: 3
         cols: 1
         dt: f
         data: [ 1.19604659e+00, -9.90104154e-02, -3.28742981e-01 ]
      dVi: !!opencv-matrix
         rows: 3
         cols: 1
         dt: f
         data: [ 4.73611259e+00, -3.91193539e-01, -1.30123234e+00 ]
      dRi: !!opencv-matrix
         rows: 3
         cols: 3
         dt: f
         data: [ 9.99999881e-01, -3.21723230e-04, -2.99926440e-04,
             3.21743515e-04, 9.99999940e-01, 6.76188210e-05,
             2.99904670e-04, -6.77153148e-05, 9.99999940e-01 ]
      dBai: !!opencv-matrix
         rows: 3
         cols: 1
         dt: f
         data: [ 0., 0., 0. ]
      dBgi: !!opencv-matrix
         rows: 3
         cols: 1
         dt: f
         data: [ 0., 0., 0. ]
      CovPVPhi: !!opencv-matrix
         rows: 9
         cols: 9
         dt: f
         data: [ 1.26093000e-04, 5.45987540e-08, 1.82045113e-07,
             3.78398749e-04, 2.74134237e-07, 9.14602026e-07,
             -5.73932603e-11, -2.58781824e-07, 7.74949314e-08,
             5.45987540e-08, 1.26750630e-04, -1.50114587e-08,
             2.74194548e-07, 3.81702557e-04, -7.53902611e-08,
             2.59052115e-07, -1.45455425e-10, 9.41048995e-07,
             1.82045113e-07, -1.50114587e-08, 1.26705068e-04,
             9.13912288e-07, -7.53168550e-08, 3.81473888e-04,
             -7.78041809e-08, -9.41100780e-07, -4.25692710e-11,
             3.78398749e-04, 2.74194548e-07, 9.13912288e-07,
             1.51396624e-03, 1.46903824e-06, 4.89661943e-06,
             -3.45255241e-10, -1.55803264e-06, 4.67555708e-07,
             2.74134237e-07, 3.81702557e-04, -7.53168550e-08,
             1.46903824e-06, 1.53166917e-03, -4.03576678e-07,
             1.55966188e-06, -8.76199835e-10, 5.67241250e-06,
             9.14602026e-07, -7.53902611e-08, 3.81473888e-04,
             4.89661943e-06, -4.03576678e-07, 1.53044495e-03,
             -4.69419660e-07, -5.67272400e-06, -2.56469596e-10,
             -5.73932603e-11, 2.59052115e-07, -7.78041809e-08,
             -3.45255241e-10, 1.55966188e-06, -4.69419660e-07,
             2.42000010e-06, -2.52386536e-18, 2.87819686e-18,
             -2.58781824e-07, -1.45455425e-10, -9.41100780e-07,
             -1.55803264e-06, -8.76199835e-10, -5.67272400e-06,
             -2.52386557e-18, 2.42000010e-06, -2.28613613e-18,
             7.74949314e-08, 9.41048995e-07, -4.25692710e-11,
             4.67555708e-07, 5.67241250e-06, -2.56469596e-10,
             2.87819665e-18, -2.28613613e-18, 2.42000010e-06 ]
      dpdba: !!opencv-matrix
         rows: 3
         cols: 3
         dt: f
         data: [ -1.26249999e-01, 1.15355160e-05, 1.29452428e-05,
             -1.15356288e-05, -1.26249999e-01, -2.10026428e-06,
             -1.29452310e-05, 2.10185112e-06, -1.26249999e-01 ]
