%YAML:1.0
---
cntFrames: 6
PreintData:
   -
      Id: 0
      Pi: !!opencv-matrix
         rows: 3
         cols: 1
         dt: f
         data: [ 1.10195681e-01, 3.61555040e-01, 2.86749631e-01 ]
      Qi: !!opencv-matrix
         rows: 4
         cols: 1
         dt: f
         data: [ 6.97363436e-01, 1.15631744e-01, -7.31027871e-02,
             -7.03540683e-01 ]
      Bai: !!opencv-matrix
         rows: 3
         cols: 1
         dt: f
         data: [ -5.57894036e-02, 2.56788433e-01, 2.05934849e-02 ]
      Bgi: !!opencv-matrix
         rows: 3
         cols: 1
         dt: f
         data: [ -3.13533866e-03, 2.12085843e-02, 7.88006410e-02 ]
      DeltaT: 4.9999952316284180e-02
      dPi: !!opencv-matrix
         rows: 3
         cols: 1
         dt: f
         data: [ 1.30419703e-02, -1.05069671e-03, -3.58824688e-03 ]
      dVi: !!opencv-matrix
         rows: 3
         cols: 1
         dt: f
         data: [ 4.73551333e-01, -3.80939990e-02, -1.30167842e-01 ]
      dRi: !!opencv-matrix
         rows: 3
         cols: 3
         dt: f
         data: [ 1., -3.05941867e-05, -3.24302637e-05, 3.05948743e-05,
             1., 2.12592950e-05, 3.24296125e-05, -2.12602881e-05, 1. ]
      dBai: !!opencv-matrix
         rows: 3
         cols: 1
         dt: f
         data: [ 0., 0., 0. ]
      dBgi: !!opencv-matrix
         rows: 3
         cols: 1
         dt: f
         data: [ 0., 0., 0. ]
      CovPVPhi: !!opencv-matrix
         rows: 9
         cols: 9
         dt: f
         data: [ 1.25726061e-07, 4.13596186e-13, 1.42924214e-12,
             3.78125264e-06, 2.18174281e-11, 7.54377116e-11,
             -7.60927813e-15, -2.24255822e-10, 6.48862908e-11,
             4.13596186e-13, 1.25731219e-07, -1.13717697e-13,
             2.19649125e-11, 3.78152527e-06, -6.03745656e-12,
             2.24279720e-10, -2.41013840e-14, 8.16191781e-10,
             1.42924214e-12, -1.13717697e-13, 1.25730864e-07,
             7.53539384e-11, -5.99027945e-12, 3.78150639e-06,
             -6.49252180e-11, -8.16195889e-10, -1.25087191e-14,
             3.78125264e-06, 2.19649125e-11, 7.53539384e-11,
             1.51250977e-04, 1.23706767e-09, 4.23926005e-09,
             -4.78342301e-13, -1.41392098e-08, 4.13727586e-09,
             2.18174281e-11, 3.78152527e-06, -5.99027945e-12,
             1.23706767e-09, 1.51266315e-04, -3.39568845e-10,
             1.41407170e-08, -1.52072929e-12, 5.15251912e-08,
             7.54377116e-11, -6.03745656e-12, 3.78150639e-06,
             4.23926005e-09, -3.39568845e-10, 1.51265252e-04,
             -4.13973256e-09, -5.15254470e-08, -7.88399565e-13,
             -7.60927813e-15, 2.24279720e-10, -6.49252180e-11,
             -4.78342301e-13, 1.41407170e-08, -4.13973256e-09,
             2.41999544e-07, 3.15456313e-20, -5.44496188e-19,
             -2.24255822e-10, -2.41013840e-14, -8.16195889e-10,
             -1.41392098e-08, -1.52072929e-12, -5.15254470e-08,
             3.15456313e-20, 2.41999544e-07, 3.07780981e-19,
             6.48862908e-11, 8.16191781e-10, -1.25087191e-14,
             4.13727586e-09, 5.15251912e-08, -7.88399565e-13,
             -5.44496188e-19, 3.07780981e-19, 2.41999544e-07 ]
      dpdba: !!opencv-matrix
         rows: 3
         cols: 3
         dt: f
         data: [ -1.37499743e-03, 5.72571430e-08, -1.84113824e-09,
             -5.72571750e-08, -1.37499743e-03, -1.48828363e-08,
             1.84197646e-09, 1.48826151e-08, -1.37499743e-03 ]
      dpdbg: !!opencv-matrix
         rows: 3
         cols: 3
         dt: f
         data: [ -3.43536567e-06, 5.41847112e-05, -1.57031063e-05,
             -5.41840927e-05, -3.43432839e-06, -1.97248242e-04,
             1.57110189e-05, 1.97247486e-04, -3.43638021e-06 ]
      dqdbg: !!opencv-matrix
         rows: 3
         cols: 3
         dt: f
         data: [ -4.99999523e-02, 5.41189365e-07, -1.43619866e-06,
             -5.41199768e-07, -4.99999523e-02, 2.11544318e-07,
             1.43620139e-06, -2.11566729e-07, -4.99999523e-02 ]
      dvdba: !!opencv-matrix
         rows: 3
         cols: 3
         dt: f
         data: [ -4.99999523e-02, 2.07090511e-06, 1.85308252e-07,
             -2.07091261e-06, -4.99999523e-02, -8.51462175e-07,
             -1.85267893e-07, 8.51463028e-07, -4.99999523e-02 ]
      dvdbg: !!opencv-matrix
         rows: 3
         cols: 3
         dt: f
         data: [ 1.37241571e-07, 3.24560259e-03, -9.49189998e-04,
             -3.24557279e-03, 2.57504098e-07, -1.18194474e-02,
             9.49717942e-04, 1.18194027e-02, 1.23250217e-07 ]
   -
      Id: 1
      Pi: !!opencv-matrix
         rows: 3
         cols: 1
         dt: f
         data: [ 1.10141881e-01, 3.61584753e-01, 2.86828160e-01 ]
      Qi: !!opencv-matrix
         rows: 4
         cols: 1
         dt: f
         data: [ 6.97275817e-01, 1.15637586e-01, -7.30739683e-02,
             -7.03629553e-01 ]
      Bai: !!opencv-matrix
         rows: 3
         cols: 1
         dt: f
         data: [ -5.57894036e-02, 2.56788433e-01, 2.05934849e-02 ]
      Bgi: !!opencv-matrix
         rows: 3
         cols: 1
         dt: f
         data: [ -3.13533866e-03, 2.12085843e-02, 7.88006410e-02 ]
      DeltaT: 5.0000000000000000e-01
      dPi: !!opencv-matrix
         rows: 3
         cols: 1
         dt: f
         data: [ 1.19604659e+00, -9.90104154e-02, -3.28742981e-01 ]
      dVi: !!opencv-matrix
         rows: 3
         cols: 1
         dt: f
         data: [ 4.73611259e+00, -3.91193539e-01, -1.30123234e+00 ]
      dRi: !!opencv-matrix
         rows: 3
         cols: 3
         dt: f
         data: [ 9.99999881e-01, -3.21723230e-04, -2.99926440e-04,
             3.21743515e-04, 9.99999940e-01, 6.76188210e-05,
             2.99904670e-04, -6.77153148e-05, 9.99999940e-01 ]
      dBai: !!opencv-matrix
         rows: 3
         cols: 1
         dt: f
         data: [ 0., 0., 0. ]
      dBgi: !!opencv-matrix
         rows: 3
         cols: 1
         dt: f
         data: [ 0., 0., 0. ]
      CovPVPhi: !!opencv-matrix
         rows: 9
         cols: 9
         dt: f
         data: [ 1.26093000e-04, 5.45987540e-08, 1.82045113e-07,
             3.78398749e-04, 2.74134237e-07, 9.14602026e-07,
             -5.73932603e-11, -2.58781824e-07, 7.74949314e-08,
             5.45987540e-08, 1.26750630e-04, -1.50114587e-08,
             2.74194548e-07, 3.81702557e-04, -7.53902611e-08,
             2.59052115e-07, -1.45455425e-10, 9.41048995e-07,
             1.82045113e-07, -1.50114587e-08, 1.26705068e-04,
             9.13912288e-07, -7.53168550e-08, 3.81473888e-04,
             -7.78041809e-08, -9.41100780e-07, -4.25692710e-11,
             3.78398749e-04, 2.74194548e-07, 9.13912288e-07,
             1.51396624e-03, 1.46903824e-06, 4.89661943e-06,
             -3.45255241e-10, -1.55803264e-06, 4.67555708e-07,
             2.74134237e-07, 3.81702557e-04, -7.53168550e-08,
             1.46903824e-06, 1.53166917e-03, -4.03576678e-07,
             1.55966188e-06, -8.76199835e-10, 5.67241250e-06,
             9.14602026e-07, -7.53902611e-08, 3.81473888e-04,
             4.89661943e-06, -4.03576678e-07, 1.53044495e-03,
             -4.69419660e-07, -5.67272400e-06, -2.56469596e-10,
             -5.73932603e-11, 2.59052115e-07, -7.78041809e-08,
             -3.45255241e-10, 1.55966188e-06, -4.69419660e-07,
             2.42000010e-06, -2.52386536e-18, 2.87819686e-18,
             -2.58781824e-07, -1.45455425e-10, -9.41100780e-07,
             -1.55803264e-06, -8.76199835e-10, -5.67272400e-06,
             -2.52386557e-18, 2.42000010e-06, -2.28613613e-18,
             7.74949314e-08, 9.41048995e-07, -4.25692710e-11,
             4.67555708e-07, 5.67241250e-06, -2.56469596e-10,
             2.87819665e-18, -2.28613613e-18, 2.42000010e-06 ]
      dpdba: !!opencv-matrix
         rows: 3
         cols: 3
         dt: f
         data: [ -1.26249999e-01, 1.15355160e-05, 1.29452428e-05,
             -1.15356288e-05, -1.26249999e-01, -2.10026428e-06,
             -1.29452310e-05, 2.10185112e-06, -1.26249999e-01 ]
      dpdbg: !!opencv-matrix
         rows: 3
         cols: 3
         dt: f
         data: [ -3.13348777e-04, 5.42764924e-02, -1.62555221e-02,
             -5.42928912e-02, -3.07407143e-04, -1.97392941e-01,
             1.62700620e-02, 1.97396472e-01, -3.12441087e-04 ]
      dqdbg: !!opencv-matrix
         rows: 3
         cols: 3
         dt: f
         data: [ -4.99999970e-01, -9.23938351e-05, -8.38673441e-05,
             9.23893749e-05, -5.00000000e-01, 2.56789808e-05,
             8.38719352e-05, -2.56613330e-05, -5.00000000e-01 ]
      dvdba: !!opencv-matrix
         rows: 3
         cols: 3
         dt: f
         data: [ -5.00000000e-01, 6.84754996e-05, 6.60875594e-05,
             -6.84767365e-05, -5.00000000e-01, -8.15733711e-06,
             -6.60865917e-05, 8.16853753e-06, -5.00000000e-01 ]
      dvdbg: !!opencv-matrix
         rows: 3
         cols: 3
         dt: f
         data: [ 1.95721095e-05, 3.25129777e-01, -9.75610018e-02,
             -3.25249195e-01, 4.92644431e-05, -1.18381608e+00,
             9.76740345e-02, 1.18384051e+00, 9.73835722e-06 ]
   -
      Id: 2
      Pi: !!opencv-matrix
         rows: 3
         cols: 1
         dt: f
         data: [ 1.10147752e-01, 3.61588061e-01, 2.86675781e-01 ]
      Qi: !!opencv-matrix
         rows: 4
         cols: 1
         dt: f
         data: [ 6.97349489e-01, 1.15589991e-01, -7.31081218e-02,
             -7.03560829e-01 ]
      Bai: !!opencv-matrix
         rows: 3
         cols: 1
         dt: f
         data: [ -5.62417321e-02, 2.56876677e-01, 2.09985878e-02 ]
      Bgi: !!opencv-matrix
         rows: 3
         cols: 1
         dt: f
         data: [ -3.13544041e-03, 2.12086868e-02, 7.88004398e-02 ]
      DeltaT: 5.0000000000000000e-01
      dPi: !!opencv-matrix
         rows: 3
         cols: 1
         dt: f
         data: [ 1.19632578e+00, -9.85986218e-02, -3.28856170e-01 ]
      dVi: !!opencv-matrix
         rows: 3
         cols: 1
         dt: f
         data: [ 4.73846197e+00, -3.89484018e-01, -1.30136061e+00 ]
      dRi: !!opencv-matrix
         rows: 3
         cols: 3
         dt: f
         data: [ 9.99999881e-01, -4.10829758e-04, -3.57487472e-04,
             4.10815934e-04, 9.99999940e-01, -3.88186963e-05,
             3.57503392e-04, 3.86718275e-05, 9.99999940e-01 ]
      dBai: !!opencv-matrix
         rows: 3
         cols: 1
         dt: f
         data: [ 4.52330336e-04, -8.82292006e-05, -4.05101920e-04 ]
      dBgi: !!opencv-matrix
         rows: 3
         cols: 1
         dt: f
         data: [ 1.01726187e-07, -1.02460490e-07, 1.99156219e-07 ]
      CovPVPhi: !!opencv-matrix
         rows: 9
         cols: 9
         dt: f
         data: [ 1.26092928e-04, 5.45251133e-08, 1.82005039e-07,
             3.78398428e-04, 2.73957681e-07, 9.14560303e-07,
             -8.43751943e-11, -2.58609958e-07, 7.74558231e-08,
             5.45251133e-08, 1.26751038e-04, -1.49773953e-08,
             2.73257996e-07, 3.81705468e-04, -7.50589280e-08,
             2.58945420e-07, -6.53970697e-11, 9.41406597e-07,
             1.82005039e-07, -1.49773953e-08, 1.26705520e-04,
             9.14028135e-07, -7.52073461e-08, 3.81476886e-04,
             -7.78495561e-08, -9.41464180e-07, 7.36866540e-11,
             3.78398428e-04, 2.73257996e-07, 9.14028135e-07,
             1.51396473e-03, 1.46400873e-06, 4.89861031e-06,
             -5.08719622e-10, -1.55789621e-06, 4.65371613e-07,
             2.73957681e-07, 3.81705468e-04, -7.52073461e-08,
             1.46400873e-06, 1.53169013e-03, -4.01873848e-07,
             1.55991881e-06, -3.93714256e-10, 5.67613324e-06,
             9.14560303e-07, -7.50589280e-08, 3.81476886e-04,
             4.89861031e-06, -4.01873848e-07, 1.53046555e-03,
             -4.67745707e-07, -5.67648112e-06, 4.43709264e-10,
             -8.43751943e-11, 2.58945420e-07, -7.78495561e-08,
             -5.08719622e-10, 1.55991881e-06, -4.67745707e-07,
             2.42000010e-06, -1.00202819e-18, 6.07081748e-18,
             -2.58609958e-07, -6.53970697e-11, -9.41464180e-07,
             -1.55789621e-06, -3.93714256e-10, -5.67648112e-06,
             -1.00202819e-18, 2.42000010e-06, 2.57434861e-18,
             7.74558231e-08, 9.41406597e-07, 7.36866540e-11,
             4.65371613e-07, 5.67613324e-06, 4.43709264e-10,
             6.07081748e-18, 2.57434861e-18, 2.42000010e-06 ]
      dpdba: !!opencv-matrix
         rows: 3
         cols: 3
         dt: f
         data: [ -1.26249999e-01, 1.80838324e-05, 1.62924225e-05,
             -1.80837214e-05, -1.26249999e-01, -5.88351156e-07,
             -1.62925699e-05, 5.91643129e-07, -1.26249999e-01 ]
      dpdbg: !!opencv-matrix
         rows: 3
         cols: 3
         dt: f
         data: [ -3.11355921e-04, 5.42426147e-02, -1.62443426e-02,
             -5.42622060e-02, -3.07508162e-04, -1.97470888e-01,
             1.62664112e-02, 1.97474554e-01, -3.15031473e-04 ]
      dqdbg: !!opencv-matrix
         rows: 3
         cols: 3
         dt: f
         data: [ -4.99999970e-01, -1.00029189e-04, -8.88194481e-05,
             1.00032914e-04, -5.00000000e-01, -1.59603333e-05,
             8.88150535e-05, 1.59832780e-05, -5.00000000e-01 ]
      dvdba: !!opencv-matrix
         rows: 3
         cols: 3
         dt: f
         data: [ -4.99999970e-01, 1.05379964e-04, 8.99307561e-05,
             -1.05378458e-04, -4.99999970e-01, 3.41259920e-06,
             -8.99326769e-05, -3.38846962e-06, -5.00000000e-01 ]
      dvdbg: !!opencv-matrix
         rows: 3
         cols: 3
         dt: f
         data: [ 3.38602222e-05, 3.25080037e-01, -9.71179977e-02,
             -3.25231880e-01, 5.20131180e-05, -1.18470883e+00,
             9.72884744e-02, 1.18473673e+00, -6.81180882e-06 ]
   -
      Id: 3
      Pi: !!opencv-matrix
         rows: 3
         cols: 1
         dt: f
         data: [ 1.10241368e-01, 3.61582667e-01, 2.86689907e-01 ]
      Qi: !!opencv-matrix
         rows: 4
         cols: 1
         dt: f
         data: [ 6.97345078e-01, 1.15630887e-01, -7.31382370e-02,
             -7.03555405e-01 ]
      Bai: !!opencv-matrix
         rows: 3
         cols: 1
         dt: f
         data: [ -5.68753071e-02, 2.57001013e-01, 2.14884114e-02 ]
      Bgi: !!opencv-matrix
         rows: 3
         cols: 1
         dt: f
         data: [ -3.13529139e-03, 2.12086756e-02, 7.88002983e-02 ]
      DeltaT: 5.0000000000000000e-01
      dPi: !!opencv-matrix
         rows: 3
         cols: 1
         dt: f
         data: [ 1.19664669e+00, -9.86564159e-02, -3.28039646e-01 ]
      dVi: !!opencv-matrix
         rows: 3
         cols: 1
         dt: f
         data: [ 4.73930311e+00, -3.89991939e-01, -1.29945385e+00 ]
      dRi: !!opencv-matrix
         rows: 3
         cols: 3
         dt: f
         data: [ 9.99999881e-01, -4.75429522e-04, -1.03140555e-05,
             4.75431734e-04, 9.99999881e-01, 2.14399857e-04,
             1.02121221e-05, -2.14404732e-04, 1. ]
      dBai: !!opencv-matrix
         rows: 3
         cols: 1
         dt: f
         data: [ 1.09299412e-03, -2.13953084e-04, -9.01229971e-04 ]
      dBgi: !!opencv-matrix
         rows: 3
         cols: 1
         dt: f
         data: [ -4.73575206e-08, -9.10274522e-08, 3.39486405e-07 ]
      CovPVPhi: !!opencv-matrix
         rows: 9
         cols: 9
         dt: f
         data: [ 1.26092782e-04, 5.45803154e-08, 1.81685635e-07,
             3.78397846e-04, 2.74094106e-07, 9.13085728e-07,
             -1.22856059e-10, -2.58193552e-07, 7.73805340e-08,
             5.45803154e-08, 1.26750616e-04, -1.49721249e-08,
             2.73705666e-07, 3.81704071e-04, -7.50779066e-08,
             2.58169450e-07, -3.32324140e-10, 9.41276028e-07,
             1.81685635e-07, -1.49721249e-08, 1.26705272e-04,
             9.12959081e-07, -7.51740430e-08, 3.81476188e-04,
             -7.78840032e-08, -9.41237374e-07, -2.10586548e-10,
             3.78397846e-04, 2.73705666e-07, 9.12959081e-07,
             1.51396287e-03, 1.46678269e-06, 4.89429704e-06,
             -7.40885742e-10, -1.55704879e-06, 4.66126778e-07,
             2.74094106e-07, 3.81704071e-04, -7.51740430e-08,
             1.46678269e-06, 1.53168815e-03, -4.02271525e-07,
             1.55690361e-06, -2.00427985e-09, 5.67723100e-06,
             9.13085728e-07, -7.50779066e-08, 3.81476188e-04,
             4.89429704e-06, -4.02271525e-07, 1.53046637e-03,
             -4.69163382e-07, -5.67699817e-06, -1.27013167e-09,
             -1.22856059e-10, 2.58169450e-07, -7.78840032e-08,
             -7.40885742e-10, 1.55690361e-06, -4.69163382e-07,
             2.42000010e-06, -4.04842375e-18, 1.73482625e-18,
             -2.58193552e-07, -3.32324140e-10, -9.41237374e-07,
             -1.55704879e-06, -2.00427985e-09, -5.67699817e-06,
             -4.04842375e-18, 2.42000010e-06, 2.75872613e-18,
             7.73805340e-08, 9.41276028e-07, -2.10586548e-10,
             4.66126778e-07, 5.67723100e-06, -1.27013167e-09,
             1.73482625e-18, 2.75872613e-18, 2.42000010e-06 ]
      dpdba: !!opencv-matrix
         rows: 3
         cols: 3
         dt: f
         data: [ -1.26249999e-01, 2.59136632e-05, 4.52093946e-06,
             -2.59141470e-05, -1.26249999e-01, -1.39765261e-05,
             -4.51695405e-06, 1.39774356e-05, -1.26249999e-01 ]
      dpdbg: !!opencv-matrix
         rows: 3
         cols: 3
         dt: f
         data: [ -3.08110699e-04, 5.41530214e-02, -1.62352119e-02,
             -5.41588664e-02, -2.89805699e-04, -1.97429061e-01,
             1.62696540e-02, 1.97428629e-01, -2.98520754e-04 ]
      dqdbg: !!opencv-matrix
         rows: 3
         cols: 3
         dt: f
         data: [ -4.99999970e-01, -8.78483261e-05, 7.32725357e-06,
             8.78494320e-05, -4.99999970e-01, 3.28328751e-05,
             -7.31610271e-06, -3.28353890e-05, -5.00000000e-01 ]
      dvdba: !!opencv-matrix
         rows: 3
         cols: 3
         dt: f
         data: [ -4.99999970e-01, 1.49866813e-04, 1.24687358e-05,
             -1.49868036e-04, -4.99999970e-01, -7.43635173e-05,
             -1.24410644e-05, 7.43660275e-05, -5.00000000e-01 ]
      dvdbg: !!opencv-matrix
         rows: 3
         cols: 3
         dt: f
         data: [ 6.29091228e-05, 3.24946523e-01, -9.72805917e-02,
             -3.24978292e-01, 1.97151297e-04, -1.18484139e+00,
             9.75585729e-02, 1.18483305e+00, 1.27251042e-04 ]
   -
      Id: 4
      Pi: !!opencv-matrix
         rows: 3
         cols: 1
         dt: f
         data: [ 1.10178977e-01, 3.61584514e-01, 2.86826611e-01 ]
      Qi: !!opencv-matrix
         rows: 4
         cols: 1
         dt: f
         data: [ 6.97366595e-01, 1.15636282e-01, -7.30694160e-02,
             -7.03540325e-01 ]
      Bai: !!opencv-matrix
         rows: 3
         cols: 1
         dt: f
         data: [ -5.74256517e-02, 2.57189572e-01, 2.20738892e-02 ]
      Bgi: !!opencv-matrix
         rows: 3
         cols: 1
         dt: f
         data: [ -3.13518476e-03, 2.12087873e-02, 7.88001865e-02 ]
      DeltaT: 5.0000000000000000e-01
      dPi: !!opencv-matrix
         rows: 3
         cols: 1
         dt: f
         data: [ 1.19561160e+00, -9.87961590e-02, -3.28127295e-01 ]
      dVi: !!opencv-matrix
         rows: 3
         cols: 1
         dt: f
         data: [ 4.73539162e+00, -3.89782637e-01, -1.29977012e+00 ]
      dRi: !!opencv-matrix
         rows: 3
         cols: 3
         dt: f
         data: [ 9.99999881e-01, -4.38884512e-04, -2.07532081e-04,
             4.38927906e-04, 9.99999881e-01, 2.09139136e-04,
             2.07440273e-04, -2.09230202e-04, 9.99999940e-01 ]
      dBai: !!opencv-matrix
         rows: 3
         cols: 1
         dt: f
         data: [ 1.60494598e-03, -3.95760842e-04, -1.45101862e-03 ]
      dBgi: !!opencv-matrix
         rows: 3
         cols: 1
         dt: f
         data: [ -1.63664907e-07, -1.91910829e-07, 4.28572207e-07 ]
      CovPVPhi: !!opencv-matrix
         rows: 9
         cols: 9
         dt: f
         data: [ 1.26092738e-04, 5.46471242e-08, 1.81451483e-07,
             3.78397730e-04, 2.74594441e-07, 9.11943914e-07,
             -9.77398024e-11, -2.58079297e-07, 7.76163063e-08,
             5.46471242e-08, 1.26749728e-04, -1.49896540e-08,
             2.73425542e-07, 3.81699705e-04, -7.50022764e-08,
             2.58272962e-07, -3.11888737e-10, 9.40655752e-07,
             1.81451483e-07, -1.49896540e-08, 1.26704472e-04,
             9.12397695e-07, -7.53604041e-08, 3.81471997e-04,
             -7.80897409e-08, -9.40678660e-07, -1.79396289e-10,
             3.78397730e-04, 2.73425542e-07, 9.12397695e-07,
             1.51396298e-03, 1.46485615e-06, 4.89156810e-06,
             -5.90551108e-10, -1.55748830e-06, 4.65276855e-07,
             2.74594441e-07, 3.81699705e-04, -7.53604041e-08,
             1.46485615e-06, 1.53166475e-03, -4.02051256e-07,
             1.55865689e-06, -1.88142901e-09, 5.67298230e-06,
             9.11943914e-07, -7.50022764e-08, 3.81471997e-04,
             4.89156810e-06, -4.02051256e-07, 1.53044262e-03,
             -4.68132299e-07, -5.67312190e-06, -1.08254661e-09,
             -9.77398024e-11, 2.58272962e-07, -7.80897409e-08,
             -5.90551108e-10, 1.55865689e-06, -4.68132299e-07,
             2.42000010e-06, 8.02797603e-19, 2.03351683e-18,
             -2.58079297e-07, -3.11888737e-10, -9.40678660e-07,
             -1.55748830e-06, -1.88142901e-09, -5.67312190e-06,
             8.02797603e-19, 2.42000010e-06, -3.01419239e-18,
             7.76163063e-08, 9.40655752e-07, -1.79396289e-10,
             4.65276855e-07, 5.67298230e-06, -1.08254661e-09,
             2.03351683e-18, -3.01419239e-18, 2.42000010e-06 ]
      dpdba: !!opencv-matrix
         rows: 3
         cols: 3
         dt: f
         data: [ -1.26249999e-01, 1.77696984e-05, 1.30839071e-05,
             -1.77711445e-05, -1.26249999e-01, -1.23416075e-05,
             -1.30818407e-05, 1.23442969e-05, -1.26249999e-01 ]
      dpdbg: !!opencv-matrix
         rows: 3
         cols: 3
         dt: f
         data: [ -3.11380136e-04, 5.41319884e-02, -1.62861235e-02,
             -5.41466251e-02, -2.92618177e-04, -1.97308183e-01,
             1.63112059e-02, 1.97310925e-01, -2.99516832e-04 ]
      dqdbg: !!opencv-matrix
         rows: 3
         cols: 3
         dt: f
         data: [ -4.99999970e-01, -1.11172070e-04, -3.26865047e-05,
             1.11168018e-04, -4.99999970e-01, 4.41330267e-05,
             3.26989211e-05, -4.41213015e-05, -5.00000000e-01 ]
      dvdba: !!opencv-matrix
         rows: 3
         cols: 3
         dt: f
         data: [ -4.99999970e-01, 1.08279412e-04, 7.10601089e-05,
             -1.08289176e-04, -4.99999970e-01, -6.04508969e-05,
             -7.10444074e-05, 6.04707384e-05, -5.00000000e-01 ]
      dvdbg: !!opencv-matrix
         rows: 3
         cols: 3
         dt: f
         data: [ 3.55338670e-05, 3.25017691e-01, -9.70403105e-02,
             -3.25130463e-01, 1.61025673e-04, -1.18388867e+00,
             9.72377956e-02, 1.18390870e+00, 1.05480300e-04 ]
   -
      Id: 5
      Pi: !!opencv-matrix
         rows: 3
         cols: 1
         dt: f
         data: [ 1.10181570e-01, 3.61560136e-01, 2.86698848e-01 ]
      Qi: !!opencv-matrix
         rows: 4
         cols: 1
         dt: f
         data: [ 6.97304010e-01, 1.15597256e-01, -7.30526522e-02,
             -7.03610480e-01 ]
      Bai: !!opencv-matrix
         rows: 3
         cols: 1
         dt: f
         data: [ -5.80227971e-02, 2.57358909e-01, 2.26603486e-02 ]
      Bgi: !!opencv-matrix
         rows: 3
         cols: 1
         dt: f
         data: [ -3.13515938e-03, 2.12088544e-02, 7.87999704e-02 ]
      DeltaT: 5.0000000000000000e-01
      dPi: !!opencv-matrix
         rows: 3
         cols: 1
         dt: f
         data: [ 1.19582450e+00, -9.85330641e-02, -3.28975409e-01 ]
      dVi: !!opencv-matrix
         rows: 3
         cols: 1
         dt: f
         data: [ 4.73595667e+00, -3.89142126e-01, -1.30242777e+00 ]
      dRi: !!opencv-matrix
         rows: 3
         cols: 3
         dt: f
         data: [ 9.99999821e-01, -5.87321003e-04, -1.91871441e-04,
             5.87332994e-04, 9.99999821e-01, 6.24706154e-05,
             1.91834712e-04, -6.25832909e-05, 1. ]
      dBai: !!opencv-matrix
         rows: 3
         cols: 1
         dt: f
         data: [ 2.08399910e-03, -5.42804657e-04, -1.93389750e-03 ]
      dBgi: !!opencv-matrix
         rows: 3
         cols: 1
         dt: f
         data: [ -1.83893320e-07, -2.50315566e-07, 6.04953527e-07 ]
      CovPVPhi: !!opencv-matrix
         rows: 9
         cols: 9
         dt: f
         data: [ 1.26093029e-04, 5.46426016e-08, 1.82038377e-07,
             3.78398923e-04, 2.74515060e-07, 9.14664781e-07,
             -1.41069392e-10, -2.58781199e-07, 7.76241222e-08,
             5.46426016e-08, 1.26750398e-04, -1.50285668e-08,
             2.73258991e-07, 3.81702179e-04, -7.51520517e-08,
             2.58947551e-07, -2.07458495e-10, 9.40928942e-07,
             1.82038377e-07, -1.50285668e-08, 1.26704836e-04,
             9.14472650e-07, -7.54816227e-08, 3.81473219e-04,
             -7.82026248e-08, -9.40929169e-07, -3.81262383e-11,
             3.78398923e-04, 2.73258991e-07, 9.14472650e-07,
             1.51396776e-03, 1.46355580e-06, 4.90097045e-06,
             -8.50832960e-10, -1.55982354e-06, 4.64983458e-07,
             2.74515060e-07, 3.81702179e-04, -7.54816227e-08,
             1.46355580e-06, 1.53167231e-03, -4.02409512e-07,
             1.56082660e-06, -1.25055766e-09, 5.67306051e-06,
             9.14664781e-07, -7.51520517e-08, 3.81473219e-04,
             4.90097045e-06, -4.02409512e-07, 1.53044495e-03,
             -4.68471370e-07, -5.67306370e-06, -2.30420599e-10,
             -1.41069392e-10, 2.58947551e-07, -7.82026248e-08,
             -8.50832960e-10, 1.56082660e-06, -4.68471370e-07,
             2.42000010e-06, -2.20540248e-18, 2.03277534e-17,
             -2.58781199e-07, -2.07458495e-10, -9.40929169e-07,
             -1.55982354e-06, -1.25055766e-09, -5.67306370e-06,
             -2.20540227e-18, 2.42000010e-06, -1.39223497e-17,
             7.76241222e-08, 9.40928942e-07, -3.81262383e-11,
             4.64983458e-07, 5.67306051e-06, -2.30420599e-10,
             2.03277534e-17, -1.39223497e-17, 2.42000010e-06 ]
      dpdba: !!opencv-matrix
         rows: 3
         cols: 3
         dt: f
         data: [ -1.26249999e-01, 3.15626894e-05, 1.18847947e-06,
             -3.15628677e-05, -1.26249999e-01, -2.64006667e-06,
             -1.18745004e-06, 2.64115397e-06, -1.26249999e-01 ]
      dpdbg: !!opencv-matrix
         rows: 3
         cols: 3
         dt: f
         data: [ -3.04622605e-04, 5.42763770e-02, -1.62835568e-02,
             -5.42749688e-02, -3.02775588e-04, -1.97367728e-01,
             1.63237266e-02, 1.97364107e-01, -3.13570403e-04 ]
      dqdbg: !!opencv-matrix
         rows: 3
         cols: 3
         dt: f
         data: [ -4.99999970e-01, -1.21956036e-04, -7.16945069e-05,
             1.21953351e-04, -4.99999970e-01, 1.27062722e-05,
             7.16994036e-05, -1.26830719e-05, -5.00000000e-01 ]
      dvdba: !!opencv-matrix
         rows: 3
         cols: 3
         dt: f
         data: [ -4.99999970e-01, 1.71706997e-04, 2.42337446e-05,
             -1.71708773e-04, -4.99999970e-01, -1.85711579e-05,
             -2.42255646e-05, 1.85851914e-05, -5.00000000e-01 ]
      dvdbg: !!opencv-matrix
         rows: 3
         cols: 3
         dt: f
         data: [ 8.02157520e-05, 3.25498134e-01, -9.70069394e-02,
             -3.25506806e-01, 1.05640785e-04, -1.18399012e+00,
             9.73085985e-02, 1.18396890e+00, 2.37151144e-05 ]
