%YAML:1.0
---
cntFrames: 6
G: !!opencv-matrix
   rows: 3
   cols: 1
   dt: f
   data: [ 5.57807125e-02, 9.26424789e+00, 3.22594428e+00 ]
fx: 4.3520468139648438e+02
fy: 4.3520468139648438e+02
cx: 3.6745172119140625e+02
cy: 2.5220085144042969e+02
mbf: 4.7906394958496094e+01
mb: 1.1007785052061081e-01
Tbc: !!opencv-matrix
   rows: 4
   cols: 4
   dt: f
   data: [ 1.48655428e-02, -9.99880910e-01, 4.14029695e-03,
       -2.16401462e-02, 9.99557257e-01, 1.49672134e-02, 2.57155299e-02,
       -6.46769851e-02, -2.57744361e-02, 3.75618832e-03, 9.99660730e-01,
       9.81073081e-03, 0., 0., 0., 1. ]
Ric: !!opencv-matrix
   rows: 3
   cols: 3
   dt: f
   data: [ 1.48655428e-02, -9.99880910e-01, 4.14029695e-03,
       9.99557257e-01, 1.49672134e-02, 2.57155299e-02, -2.57744361e-02,
       3.75618832e-03, 9.99660730e-01 ]
Tic: !!opencv-matrix
   rows: 4
   cols: 1
   dt: f
   data: [ -2.16401462e-02, -6.46769851e-02, 9.81073081e-03, 1. ]
PreintData:
   -
      Id: 498
      Pi: !!opencv-matrix
         rows: 3
         cols: 1
         dt: f
         data: [ 1.09500363e-01, 3.60368878e-01, 2.85170585e-01 ]
      Qi: !!opencv-matrix
         rows: 4
         cols: 1
         dt: f
         data: [ 6.96788847e-01, 1.15148649e-01, -7.29967654e-02,
             -7.04199970e-01 ]
      Vi: !!opencv-matrix
         rows: 3
         cols: 1
         dt: f
         data: [ 7.57271948e-04, 2.36666482e-02, 6.91572297e-03 ]
      Bai: !!opencv-matrix
         rows: 3
         cols: 1
         dt: f
         data: [ -6.85823187e-02, 2.33436778e-01, 7.99798407e-03 ]
      Bgi: !!opencv-matrix
         rows: 3
         cols: 1
         dt: f
         data: [ -3.16718570e-03, 2.12308094e-02, 7.87938684e-02 ]
      DeltaT: 4.9999952316284180e-02
      dPi: !!opencv-matrix
         rows: 3
         cols: 1
         dt: f
         data: [ 1.30595611e-02, -1.01858331e-03, -3.57092358e-03 ]
      dVi: !!opencv-matrix
         rows: 3
         cols: 1
         dt: f
         data: [ 4.74191010e-01, -3.69261764e-02, -1.29537836e-01 ]
      dRi: !!opencv-matrix
         rows: 3
         cols: 3
         dt: f
         data: [ 1., -3.09325660e-05, -3.35414770e-05, 3.09332245e-05,
             1., 1.96668916e-05, 3.35408695e-05, -1.96679284e-05, 1. ]
      dBai: !!opencv-matrix
         rows: 3
         cols: 1
         dt: f
         data: [ 0., 0., 0. ]
      dBgi: !!opencv-matrix
         rows: 3
         cols: 1
         dt: f
         data: [ 0., 0., 0. ]
      CovPVPhi: !!opencv-matrix
         rows: 9
         cols: 9
         dt: f
         data: [ 1.25726046e-07, 4.01315781e-13, 1.42424701e-12,
             3.78125242e-06, 2.11689659e-11, 7.51739573e-11,
             -7.63019984e-15, -2.23169441e-10, 6.28730887e-11,
             4.01315781e-13, 1.25731233e-07, -1.09659149e-13,
             2.13163844e-11, 3.78152595e-06, -5.82296190e-12,
             2.23194407e-10, -2.28485579e-14, 8.17294454e-10,
             1.42424701e-12, -1.09659149e-13, 1.25730878e-07,
             7.50898788e-11, -5.77624580e-12, 3.78150708e-06,
             -6.29119673e-11, -8.17298840e-10, -1.12187506e-14,
             3.78125242e-06, 2.13163844e-11, 7.50898788e-11,
             1.51250963e-04, 1.20057375e-09, 4.22440039e-09,
             -4.79611793e-13, -1.40705883e-08, 4.01011979e-09,
             2.11689659e-11, 3.78152595e-06, -5.77624580e-12,
             1.20057375e-09, 1.51266344e-04, -3.27510213e-10,
             1.40721639e-08, -1.44163273e-12, 5.15948386e-08,
             7.51739573e-11, -5.82296190e-12, 3.78150708e-06,
             4.22440039e-09, -3.27510213e-10, 1.51265296e-04,
             -4.01257338e-09, -5.15951122e-08, -7.06922368e-13,
             -7.63019984e-15, 2.23194407e-10, -6.29119673e-11,
             -4.79611793e-13, 1.40721639e-08, -4.01257338e-09,
             2.41999544e-07, 2.53803407e-20, -5.34119207e-19,
             -2.23169441e-10, -2.28485579e-14, -8.17298840e-10,
             -1.40705883e-08, -1.44163273e-12, -5.15951122e-08,
             2.53803407e-20, 2.41999544e-07, 2.97781427e-19,
             6.28730887e-11, 8.17294454e-10, -1.12187506e-14,
             4.01011979e-09, 5.15948386e-08, -7.06922368e-13,
             -5.34119207e-19, 2.97781427e-19, 2.41999544e-07 ]
      dpdba: !!opencv-matrix
         rows: 3
         cols: 3
         dt: f
         data: [ -1.37499743e-03, 5.74171573e-08, -1.31562328e-09,
             -5.74171999e-08, -1.37499743e-03, -1.41297685e-08,
             1.31642885e-09, 1.41295722e-08, -1.37499743e-03 ]
      dpdbg: !!opencv-matrix
         rows: 3
         cols: 3
         dt: f
         data: [ -3.43537704e-06, 5.39222128e-05, -1.52165403e-05,
             -5.39216526e-05, -3.43441116e-06, -1.97514746e-04,
             1.52244575e-05, 1.97514033e-04, -3.43646298e-06 ]
      dqdbg: !!opencv-matrix
         rows: 3
         cols: 3
         dt: f
         data: [ -4.99999523e-02, 5.32730496e-07, -1.46398008e-06,
             -5.32739818e-07, -4.99999523e-02, 1.71735465e-07,
             1.46398338e-06, -1.71757904e-07, -4.99999523e-02 ]
      dvdba: !!opencv-matrix
         rows: 3
         cols: 3
         dt: f
         data: [ -4.99999523e-02, 2.07936432e-06, 2.13088683e-07,
             -2.07937205e-06, -4.99999523e-02, -8.11652285e-07,
             -2.13049759e-07, 8.11654331e-07, -4.99999523e-02 ]
      dvdbg: !!opencv-matrix
         rows: 3
         cols: 3
         dt: f
         data: [ 1.36555244e-07, 3.22985020e-03, -9.19995247e-04,
             -3.22982552e-03, 2.51095940e-07, -1.18354391e-02,
             9.20523307e-04, 1.18353954e-02, 1.16745632e-07 ]
   -
      Id: 101
      Pi: !!opencv-matrix
         rows: 3
         cols: 1
         dt: f
         data: [ 1.09494187e-01, 3.60391349e-01, 2.85239547e-01 ]
      Qi: !!opencv-matrix
         rows: 4
         cols: 1
         dt: f
         data: [ 6.96737945e-01, 1.15177795e-01, -7.30126202e-02,
             -7.04243898e-01 ]
      Vi: !!opencv-matrix
         rows: 3
         cols: 1
         dt: f
         data: [ -2.29283562e-03, 1.83814969e-02, 2.66282237e-03 ]
      Bai: !!opencv-matrix
         rows: 3
         cols: 1
         dt: f
         data: [ -6.85823187e-02, 2.33436778e-01, 7.99798407e-03 ]
      Bgi: !!opencv-matrix
         rows: 3
         cols: 1
         dt: f
         data: [ -3.16718570e-03, 2.12308094e-02, 7.87938684e-02 ]
      DeltaT: 5.0000000000000000e-01
      dPi: !!opencv-matrix
         rows: 3
         cols: 1
         dt: f
         data: [ 1.19769704e+00, -9.60975662e-02, -3.27163190e-01 ]
      dVi: !!opencv-matrix
         rows: 3
         cols: 1
         dt: f
         data: [ 4.74265099e+00, -3.79651189e-01, -1.29496777e+00 ]
      dRi: !!opencv-matrix
         rows: 3
         cols: 3
         dt: f
         data: [ 9.99999881e-01, -3.25095956e-04, -3.11037933e-04,
             3.25112051e-04, 9.99999940e-01, 5.16847394e-05,
             3.11021111e-04, -5.17858571e-05, 9.99999940e-01 ]
      dBai: !!opencv-matrix
         rows: 3
         cols: 1
         dt: f
         data: [ 0., 0., 0. ]
      dBgi: !!opencv-matrix
         rows: 3
         cols: 1
         dt: f
         data: [ 0., 0., 0. ]
      CovPVPhi: !!opencv-matrix
         rows: 9
         cols: 9
         dt: f
         data: [ 1.26092258e-04, 5.30591002e-08, 1.81419963e-07,
             3.78395023e-04, 2.66398615e-07, 9.11461314e-07,
             -5.77110547e-11, -2.57536016e-07, 7.52062945e-08,
             5.30591002e-08, 1.26751969e-04, -1.44980099e-08,
             2.66452929e-07, 3.81709338e-04, -7.28089873e-08,
             2.57818499e-07, -1.31016684e-10, 9.42345252e-07,
             1.81419963e-07, -1.44980099e-08, 1.26706640e-04,
             9.10764356e-07, -7.27385014e-08, 3.81481746e-04,
             -7.55149330e-08, -9.42400050e-07, -2.74786478e-11,
             3.78395023e-04, 2.66452929e-07, 9.10764356e-07,
             1.51394634e-03, 1.42755187e-06, 4.87974967e-06,
             -3.47159995e-10, -1.55051089e-06, 4.53747163e-07,
             2.66398615e-07, 3.81709338e-04, -7.27385014e-08,
             1.42755187e-06, 1.53170549e-03, -3.89751335e-07,
             1.55221369e-06, -7.89156851e-10, 5.68023142e-06,
             9.11461314e-07, -7.28089873e-08, 3.81481746e-04,
             4.87974967e-06, -3.89751335e-07, 1.53048721e-03,
             -4.55607449e-07, -5.68056112e-06, -1.65506497e-10,
             -5.77110547e-11, 2.57818499e-07, -7.55149330e-08,
             -3.47159995e-10, 1.55221369e-06, -4.55607449e-07,
             2.42000010e-06, -2.59912184e-18, 2.97490896e-18,
             -2.57536016e-07, -1.31016684e-10, -9.42400050e-07,
             -1.55051089e-06, -7.89156851e-10, -5.68056112e-06,
             -2.59912184e-18, 2.42000010e-06, -2.37603040e-18,
             7.52062945e-08, 9.42345252e-07, -2.74786478e-11,
             4.53747163e-07, 5.68023142e-06, -1.65506497e-10,
             2.97490875e-18, -2.37603040e-18, 2.42000010e-06 ]
      dpdba: !!opencv-matrix
         rows: 3
         cols: 3
         dt: f
         data: [ -1.26249999e-01, 1.16781339e-05, 1.34151342e-05,
             -1.16781521e-05, -1.26249999e-01, -1.42653448e-06,
             -1.34152169e-05, 1.42820682e-06, -1.26249999e-01 ]
      dpdbg: !!opencv-matrix
         rows: 3
         cols: 3
         dt: f
         data: [ -3.13323719e-04, 5.40153906e-02, -1.57748200e-02,
             -5.40324338e-02, -3.08160117e-04, -1.97665229e-01,
             1.57893244e-02, 1.97668895e-01, -3.13224940e-04 ]
      dqdbg: !!opencv-matrix
         rows: 3
         cols: 3
         dt: f
         data: [ -4.99999970e-01, -9.32360490e-05, -8.66462797e-05,
             9.32322655e-05, -5.00000000e-01, 2.16964272e-05,
             8.66499904e-05, -2.16779645e-05, -5.00000000e-01 ]
      dvdba: !!opencv-matrix
         rows: 3
         cols: 3
         dt: f
         data: [ -5.00000000e-01, 6.93187030e-05, 6.88655782e-05,
             -6.93193069e-05, -5.00000000e-01, -4.17403726e-06,
             -6.88653308e-05, 4.18588934e-06, -5.00000000e-01 ]
      dvdbg: !!opencv-matrix
         rows: 3
         cols: 3
         dt: f
         data: [ 1.97371082e-05, 3.23561102e-01, -9.46756229e-02,
             -3.23685616e-01, 4.32185916e-05, -1.18545008e+00,
             9.47883949e-02, 1.18547559e+00, 3.41544251e-06 ]
   -
      Id: 100
      Pi: !!opencv-matrix
         rows: 3
         cols: 1
         dt: f
         data: [ 1.09515384e-01, 3.60371321e-01, 2.85130411e-01 ]
      Qi: !!opencv-matrix
         rows: 4
         cols: 1
         dt: f
         data: [ 6.96807146e-01, 1.15105063e-01, -7.29968399e-02,
             -7.04188943e-01 ]
      Vi: !!opencv-matrix
         rows: 3
         cols: 1
         dt: f
         data: [ 1.30201946e-03, 2.45621279e-02, 1.03348438e-02 ]
      Bai: !!opencv-matrix
         rows: 3
         cols: 1
         dt: f
         data: [ -6.93068132e-02, 2.33831048e-01, 8.51744693e-03 ]
      Bgi: !!opencv-matrix
         rows: 3
         cols: 1
         dt: f
         data: [ -3.16730444e-03, 2.12309137e-02, 7.87936971e-02 ]
      DeltaT: 5.0000000000000000e-01
      dPi: !!opencv-matrix
         rows: 3
         cols: 1
         dt: f
         data: [ 1.19797528e+00, -9.57171842e-02, -3.27262849e-01 ]
      dVi: !!opencv-matrix
         rows: 3
         cols: 1
         dt: f
         data: [ 4.74499607e+00, -3.78066003e-01, -1.29504216e+00 ]
      dRi: !!opencv-matrix
         rows: 3
         cols: 3
         dt: f
         data: [ 9.99999821e-01, -4.14196315e-04, -3.68603563e-04,
             4.14176175e-04, 9.99999940e-01, -5.47533564e-05,
             3.68626206e-04, 5.46006813e-05, 9.99999940e-01 ]
      dBai: !!opencv-matrix
         rows: 3
         cols: 1
         dt: f
         data: [ 7.24491314e-04, -3.94280942e-04, -5.19463560e-04 ]
      dBgi: !!opencv-matrix
         rows: 3
         cols: 1
         dt: f
         data: [ 1.18690409e-07, -1.03902110e-07, 1.73847397e-07 ]
      CovPVPhi: !!opencv-matrix
         rows: 9
         cols: 9
         dt: f
         data: [ 1.26092185e-04, 5.30021182e-08, 1.81371803e-07,
             3.78394703e-04, 2.66304141e-07, 9.11377867e-07,
             -8.46609172e-11, -2.57353747e-07, 7.51917071e-08,
             5.30021182e-08, 1.26752377e-04, -1.44684735e-08,
             2.65599141e-07, 3.81712220e-04, -7.25012512e-08,
             2.57701231e-07, -5.06402316e-11, 9.42702172e-07,
             1.81371803e-07, -1.44684735e-08, 1.26707091e-04,
             9.10839674e-07, -7.26507920e-08, 3.81484773e-04,
             -7.55851346e-08, -9.42762938e-07, 8.88105353e-11,
             3.78394703e-04, 2.65599141e-07, 9.10839674e-07,
             1.51394482e-03, 1.42295494e-06, 4.88151773e-06,
             -5.10454790e-10, -1.55031137e-06, 4.51710946e-07,
             2.66304141e-07, 3.81712220e-04, -7.26507920e-08,
             1.42295494e-06, 1.53172633e-03, -3.88170264e-07,
             1.55240650e-06, -3.04729630e-10, 5.68394762e-06,
             9.11377867e-07, -7.25012512e-08, 3.81484773e-04,
             4.88151773e-06, -3.88170264e-07, 1.53050781e-03,
             -4.54083164e-07, -5.68431415e-06, 5.34875977e-10,
             -8.46609172e-11, 2.57701231e-07, -7.55851346e-08,
             -5.10454790e-10, 1.55240650e-06, -4.54083164e-07,
             2.42000010e-06, -1.12346647e-18, 6.21460711e-18,
             -2.57353747e-07, -5.06402316e-11, -9.42762938e-07,
             -1.55031137e-06, -3.04729630e-10, -5.68431415e-06,
             -1.12346658e-18, 2.42000010e-06, 2.45293049e-18,
             7.51917071e-08, 9.42702172e-07, 8.88105353e-11,
             4.51710946e-07, 5.68394762e-06, 5.34875977e-10,
             6.21460711e-18, 2.45293049e-18, 2.42000010e-06 ]
      dpdba: !!opencv-matrix
         rows: 3
         cols: 3
         dt: f
         data: [ -1.26249999e-01, 1.82261265e-05, 1.67625421e-05,
             -1.82258827e-05, -1.26249999e-01, 8.53913704e-08,
             -1.67628332e-05, -8.19727148e-08, -1.26249999e-01 ]
      dpdbg: !!opencv-matrix
         rows: 3
         cols: 3
         dt: f
         data: [ -3.11335316e-04, 5.39792851e-02, -1.57688148e-02,
             -5.39995283e-02, -3.08275863e-04, -1.97743014e-01,
             1.57908611e-02, 1.97746843e-01, -3.15812242e-04 ]
      dqdbg: !!opencv-matrix
         rows: 3
         cols: 3
         dt: f
         data: [ -4.99999970e-01, -1.00869416e-04, -9.15998899e-05,
             1.00874204e-04, -5.00000000e-01, -1.99428014e-05,
             9.15943820e-05, 1.99666920e-05, -5.00000000e-01 ]
      dvdba: !!opencv-matrix
         rows: 3
         cols: 3
         dt: f
         data: [ -4.99999970e-01, 1.06221363e-04, 9.27100555e-05,
             -1.06218860e-04, -4.99999970e-01, 7.39601001e-06,
             -9.27131114e-05, -7.37090477e-06, -5.00000000e-01 ]
      dvdbg: !!opencv-matrix
         rows: 3
         cols: 3
         dt: f
         data: [ 3.40153711e-05, 3.23497921e-01, -9.42636505e-02,
             -3.23654860e-01, 4.58584545e-05, -1.18634176e+00,
             9.44339633e-02, 1.18637097e+00, -1.30861163e-05 ]
   -
      Id: 99
      Pi: !!opencv-matrix
         rows: 3
         cols: 1
         dt: f
         data: [ 1.09565437e-01, 3.60373676e-01, 2.85153240e-01 ]
      Qi: !!opencv-matrix
         rows: 4
         cols: 1
         dt: f
         data: [ 6.96784914e-01, 1.15172483e-01, -7.30354786e-02,
             -7.04195976e-01 ]
      Vi: !!opencv-matrix
         rows: 3
         cols: 1
         dt: f
         data: [ -7.84171061e-05, 2.24426091e-02, 8.00987519e-03 ]
      Bai: !!opencv-matrix
         rows: 3
         cols: 1
         dt: f
         data: [ -6.99352100e-02, 2.34204620e-01, 8.90132412e-03 ]
      Bgi: !!opencv-matrix
         rows: 3
         cols: 1
         dt: f
         data: [ -3.16715473e-03, 2.12309137e-02, 7.87935704e-02 ]
      DeltaT: 5.0000000000000000e-01
      dPi: !!opencv-matrix
         rows: 3
         cols: 1
         dt: f
         data: [ 1.19831908e+00, -9.58184674e-02, -3.26445997e-01 ]
      dVi: !!opencv-matrix
         rows: 3
         cols: 1
         dt: f
         data: [ 4.74592829e+00, -3.78745615e-01, -1.29313517e+00 ]
      dRi: !!opencv-matrix
         rows: 3
         cols: 3
         dt: f
         data: [ 9.99999881e-01, -4.78808070e-04, -2.14338670e-05,
             4.78812319e-04, 9.99999881e-01, 1.98450885e-04,
             2.13388448e-05, -1.98461115e-04, 1. ]
      dBai: !!opencv-matrix
         rows: 3
         cols: 1
         dt: f
         data: [ 1.35904667e-03, -7.71168852e-04, -9.07750567e-04 ]
      dBgi: !!opencv-matrix
         rows: 3
         cols: 1
         dt: f
         data: [ -3.09381001e-08, -1.04559703e-07, 2.98414250e-07 ]
      CovPVPhi: !!opencv-matrix
         rows: 9
         cols: 9
         dt: f
         data: [ 1.26092054e-04, 5.30827968e-08, 1.81055569e-07,
             3.78394121e-04, 2.66566815e-07, 9.09918526e-07,
             -1.22277133e-10, -2.56936715e-07, 7.51508722e-08,
             5.30827968e-08, 1.26751984e-04, -1.44703529e-08,
             2.66174936e-07, 3.81710939e-04, -7.25559417e-08,
             2.56924778e-07, -3.17863014e-10, 9.42589224e-07,
             1.81055569e-07, -1.44703529e-08, 1.26706873e-04,
             9.09788071e-07, -7.26523552e-08, 3.81484220e-04,
             -7.56537730e-08, -9.42554209e-07, -1.94994756e-10,
             3.78394121e-04, 2.66174936e-07, 9.09788071e-07,
             1.51394296e-03, 1.42640579e-06, 4.87729358e-06,
             -7.37396366e-10, -1.54946122e-06, 4.52673362e-07,
             2.66566815e-07, 3.81710939e-04, -7.26523552e-08,
             1.42640579e-06, 1.53172505e-03, -3.88751062e-07,
             1.54938937e-06, -1.91705474e-09, 5.68515179e-06,
             9.09918526e-07, -7.25559417e-08, 3.81484220e-04,
             4.87729358e-06, -3.88751062e-07, 1.53050944e-03,
             -4.55706498e-07, -5.68494124e-06, -1.17609777e-09,
             -1.22277133e-10, 2.56924778e-07, -7.56537730e-08,
             -7.37396366e-10, 1.54938937e-06, -4.55706498e-07,
             2.42000010e-06, -4.00191304e-18, 1.86831273e-18,
             -2.56936715e-07, -3.17863014e-10, -9.42554209e-07,
             -1.54946122e-06, -1.91705474e-09, -5.68494124e-06,
             -4.00191304e-18, 2.42000010e-06, 2.65482584e-18,
             7.51508722e-08, 9.42589224e-07, -1.94994756e-10,
             4.52673362e-07, 5.68515179e-06, -1.17609777e-09,
             1.86831273e-18, 2.65482584e-18, 2.42000010e-06 ]
      dpdba: !!opencv-matrix
         rows: 3
         cols: 3
         dt: f
         data: [ -1.26249999e-01, 2.60565339e-05, 4.99124599e-06,
             -2.60570650e-05, -1.26249999e-01, -1.33021858e-05,
             -4.98745203e-06, 1.33032490e-05, -1.26249999e-01 ]
      dpdbg: !!opencv-matrix
         rows: 3
         cols: 3
         dt: f
         data: [ -3.08131072e-04, 5.38896471e-02, -1.57668535e-02,
             -5.38961589e-02, -2.90562952e-04, -1.97704941e-01,
             1.58012658e-02, 1.97704718e-01, -2.99310574e-04 ]
      dqdbg: !!opencv-matrix
         rows: 3
         cols: 3
         dt: f
         data: [ -4.99999970e-01, -8.86932321e-05, 4.54589463e-06,
             8.86939815e-05, -4.99999970e-01, 2.88466654e-05,
             -4.53574557e-06, -2.88484389e-05, -5.00000000e-01 ]
      dvdba: !!opencv-matrix
         rows: 3
         cols: 3
         dt: f
         data: [ -4.99999970e-01, 1.50711450e-04, 1.52490802e-05,
             -1.50713109e-04, -4.99999970e-01, -7.03765472e-05,
             -1.52228349e-05, 7.03801707e-05, -5.00000000e-01 ]
      dvdbg: !!opencv-matrix
         rows: 3
         cols: 3
         dt: f
         data: [ 6.27007685e-05, 3.23364258e-01, -9.44692120e-02,
             -3.23401332e-01, 1.91068451e-04, -1.18649685e+00,
             9.47469771e-02, 1.18649018e+00, 1.20876823e-04 ]
   -
      Id: 98
      Pi: !!opencv-matrix
         rows: 3
         cols: 1
         dt: f
         data: [ 1.09522700e-01, 3.60371441e-01, 2.85282642e-01 ]
      Qi: !!opencv-matrix
         rows: 4
         cols: 1
         dt: f
         data: [ 6.96785808e-01, 1.15166456e-01, -7.29815140e-02,
             -7.04201639e-01 ]
      Vi: !!opencv-matrix
         rows: 3
         cols: 1
         dt: f
         data: [ 8.11148959e-04, 2.39819773e-02, 8.05547461e-03 ]
      Bai: !!opencv-matrix
         rows: 3
         cols: 1
         dt: f
         data: [ -7.06668571e-02, 2.34739855e-01, 9.48074739e-03 ]
      Bgi: !!opencv-matrix
         rows: 3
         cols: 1
         dt: f
         data: [ -3.16707604e-03, 2.12310366e-02, 7.87934288e-02 ]
      DeltaT: 5.0000000000000000e-01
      dPi: !!opencv-matrix
         rows: 3
         cols: 1
         dt: f
         data: [ 1.19729877e+00, -9.59873348e-02, -3.26528519e-01 ]
      dVi: !!opencv-matrix
         rows: 3
         cols: 1
         dt: f
         data: [ 4.74207544e+00, -3.78651857e-01, -1.29343057e+00 ]
      dRi: !!opencv-matrix
         rows: 3
         cols: 3
         dt: f
         data: [ 9.99999881e-01, -4.42267134e-04, -2.18652465e-04,
             4.42309392e-04, 9.99999881e-01, 1.93194050e-04,
             2.18566987e-04, -1.93290733e-04, 9.99999940e-01 ]
      dBai: !!opencv-matrix
         rows: 3
         cols: 1
         dt: f
         data: [ 2.04141438e-03, -1.28285692e-03, -1.45064853e-03 ]
      dBgi: !!opencv-matrix
         rows: 3
         cols: 1
         dt: f
         data: [ -1.22105831e-07, -2.15232916e-07, 4.21385039e-07 ]
      CovPVPhi: !!opencv-matrix
         rows: 9
         cols: 9
         dt: f
         data: [ 1.26091996e-04, 5.31675290e-08, 1.80821118e-07,
             3.78394034e-04, 2.67157816e-07, 9.08775348e-07,
             -9.77004033e-11, -2.56818311e-07, 7.54095808e-08,
             5.31675290e-08, 1.26751111e-04, -1.44922048e-08,
             2.65984028e-07, 3.81706661e-04, -7.25027220e-08,
             2.57024425e-07, -2.97458169e-10, 9.41980829e-07,
             1.80821118e-07, -1.44922048e-08, 1.26706087e-04,
             9.09225662e-07, -7.28587679e-08, 3.81480117e-04,
             -7.58824328e-08, -9.42007091e-07, -1.64307429e-10,
             3.78394034e-04, 2.65984028e-07, 9.09225662e-07,
             1.51394308e-03, 1.42495924e-06, 4.87456055e-06,
             -5.90346161e-10, -1.54987526e-06, 4.51961824e-07,
             2.67157816e-07, 3.81706661e-04, -7.28587679e-08,
             1.42495924e-06, 1.53170200e-03, -3.88643286e-07,
             1.55111877e-06, -1.79439996e-09, 5.68097448e-06,
             9.08775348e-07, -7.25027220e-08, 3.81480117e-04,
             4.87456055e-06, -3.88643286e-07, 1.53048616e-03,
             -4.54813744e-07, -5.68113410e-06, -9.91580484e-10,
             -9.77004033e-11, 2.57024425e-07, -7.58824328e-08,
             -5.90346161e-10, 1.55111877e-06, -4.54813744e-07,
             2.42000010e-06, 7.78293773e-19, 2.16962940e-18,
             -2.56818311e-07, -2.97458169e-10, -9.42007091e-07,
             -1.54987526e-06, -1.79439996e-09, -5.68113410e-06,
             7.78293773e-19, 2.42000010e-06, -3.13354235e-18,
             7.54095808e-08, 9.41980829e-07, -1.64307429e-10,
             4.51961824e-07, 5.68097448e-06, -9.91580484e-10,
             2.16962940e-18, -3.13354235e-18, 2.42000010e-06 ]
      dpdba: !!opencv-matrix
         rows: 3
         cols: 3
         dt: f
         data: [ -1.26249999e-01, 1.79127219e-05, 1.35542059e-05,
             -1.79141189e-05, -1.26249999e-01, -1.16674173e-05,
             -1.35522687e-05, 1.16702286e-05, -1.26249999e-01 ]
      dpdbg: !!opencv-matrix
         rows: 3
         cols: 3
         dt: f
         data: [ -3.11367941e-04, 5.38677424e-02, -1.58225875e-02,
             -5.38830534e-02, -2.93362653e-04, -1.97586536e-01,
             1.58476252e-02, 1.97589442e-01, -3.00285959e-04 ]
      dqdbg: !!opencv-matrix
         rows: 3
         cols: 3
         dt: f
         data: [ -4.99999970e-01, -1.12017398e-04, -3.54679396e-05,
             1.12013477e-04, -4.99999970e-01, 4.01478901e-05,
             3.54792501e-05, -4.01352409e-05, -5.00000000e-01 ]
      dvdba: !!opencv-matrix
         rows: 3
         cols: 3
         dt: f
         data: [ -4.99999970e-01, 1.09125023e-04, 7.38404779e-05,
             -1.09134438e-04, -4.99999970e-01, -5.64648290e-05,
             -7.38258314e-05, 5.64856455e-05, -5.00000000e-01 ]
      dvdbg: !!opencv-matrix
         rows: 3
         cols: 3
         dt: f
         data: [ 3.56153178e-05, 3.23430121e-01, -9.42578539e-02,
             -3.23548257e-01, 1.55031230e-04, -1.18555892e+00,
             9.44550335e-02, 1.18558025e+00, 9.92815112e-05 ]
   -
      Id: 97
      Pi: !!opencv-matrix
         rows: 3
         cols: 1
         dt: f
         data: [ 1.09549940e-01, 3.60358596e-01, 2.85167456e-01 ]
      Qi: !!opencv-matrix
         rows: 4
         cols: 1
         dt: f
         data: [ 6.96782708e-01, 1.15143716e-01, -7.30090216e-02,
             -7.04205573e-01 ]
      Vi: !!opencv-matrix
         rows: 3
         cols: 1
         dt: f
         data: [ 8.43227725e-04, 2.30022371e-02, 8.04763939e-03 ]
      Bai: !!opencv-matrix
         rows: 3
         cols: 1
         dt: f
         data: [ -7.13807419e-02, 2.35138863e-01, 1.00275651e-02 ]
      Bgi: !!opencv-matrix
         rows: 3
         cols: 1
         dt: f
         data: [ -3.16704437e-03, 2.12311018e-02, 7.87932128e-02 ]
      DeltaT: 5.0000000000000000e-01
      dPi: !!opencv-matrix
         rows: 3
         cols: 1
         dt: f
         data: [ 1.19752622e+00, -9.57500562e-02, -3.27367991e-01 ]
      dVi: !!opencv-matrix
         rows: 3
         cols: 1
         dt: f
         data: [ 4.74269724e+00, -3.78113508e-01, -1.29605389e+00 ]
      dRi: !!opencv-matrix
         rows: 3
         cols: 3
         dt: f
         data: [ 9.99999821e-01, -5.90709969e-04, -2.02990763e-04,
             5.90719457e-04, 9.99999821e-01, 4.65114208e-05,
             2.02963245e-04, -4.66313249e-05, 1. ]
      dBai: !!opencv-matrix
         rows: 3
         cols: 1
         dt: f
         data: [ 2.60960567e-03, -1.61041785e-03, -1.89646101e-03 ]
      dBgi: !!opencv-matrix
         rows: 3
         cols: 1
         dt: f
         data: [ -1.52001164e-07, -2.70522577e-07, 6.06742560e-07 ]
      CovPVPhi: !!opencv-matrix
         rows: 9
         cols: 9
         dt: f
         data: [ 1.26092287e-04, 5.31774802e-08, 1.81405966e-07,
             3.78395198e-04, 2.67152529e-07, 9.11486609e-07,
             -1.40740058e-10, -2.57513818e-07, 7.54374909e-08,
             5.31774802e-08, 1.26751795e-04, -1.45334091e-08,
             2.65889923e-07, 3.81709193e-04, -7.26643421e-08,
             2.57692193e-07, -1.92614813e-10, 9.42265387e-07,
             1.81405966e-07, -1.45334091e-08, 1.26706465e-04,
             9.11288907e-07, -7.29935437e-08, 3.81481426e-04,
             -7.60158088e-08, -9.42269310e-07, -2.27203655e-11,
             3.78395198e-04, 2.65889923e-07, 9.11288907e-07,
             1.51394785e-03, 1.42405588e-06, 4.88390424e-06,
             -8.48875081e-10, -1.55217151e-06, 4.51789589e-07,
             2.67152529e-07, 3.81709193e-04, -7.29935437e-08,
             1.42405588e-06, 1.53170992e-03, -3.89076973e-07,
             1.55324710e-06, -1.16105414e-09, 5.68112091e-06,
             9.11486609e-07, -7.26643421e-08, 3.81481426e-04,
             4.88390424e-06, -3.89076973e-07, 1.53048895e-03,
             -4.55276393e-07, -5.68114638e-06, -1.37571080e-10,
             -1.40740058e-10, 2.57692193e-07, -7.60158088e-08,
             -8.48875081e-10, 1.55324710e-06, -4.55276393e-07,
             2.42000010e-06, -2.25844337e-18, 2.05117714e-17,
             -2.57513818e-07, -1.92614813e-10, -9.42269310e-07,
             -1.55217151e-06, -1.16105414e-09, -5.68114638e-06,
             -2.25844316e-18, 2.42000010e-06, -1.40647505e-17,
             7.54374909e-08, 9.42265387e-07, -2.27203655e-11,
             4.51789589e-07, 5.68112091e-06, -1.37571080e-10,
             2.05117714e-17, -1.40647505e-17, 2.42000010e-06 ]
      dpdba: !!opencv-matrix
         rows: 3
         cols: 3
         dt: f
         data: [ -1.26249999e-01, 3.17059530e-05, 1.65876190e-06,
             -3.17061204e-05, -1.26249999e-01, -1.96530664e-06,
             -1.65796166e-06, 1.96656379e-06, -1.26249999e-01 ]
      dpdbg: !!opencv-matrix
         rows: 3
         cols: 3
         dt: f
         data: [ -3.04677087e-04, 5.40107489e-02, -1.58242509e-02,
             -5.40099554e-02, -3.03568697e-04, -1.97648436e-01,
             1.58644281e-02, 1.97645053e-01, -3.14402918e-04 ]
      dqdbg: !!opencv-matrix
         rows: 3
         cols: 3
         dt: f
         data: [ -4.99999970e-01, -1.22802798e-04, -7.44762656e-05,
             1.22800746e-04, -4.99999970e-01, 8.71804150e-06,
             7.44798381e-05, -8.69373980e-06, -5.00000000e-01 ]
      dvdba: !!opencv-matrix
         rows: 3
         cols: 3
         dt: f
         data: [ -4.99999970e-01, 1.72554064e-04, 2.70139590e-05,
             -1.72555592e-04, -4.99999970e-01, -1.45816794e-05,
             -2.70074906e-05, 1.45970107e-05, -5.00000000e-01 ]
      dvdbg: !!opencv-matrix
         rows: 3
         cols: 3
         dt: f
         data: [ 7.98604669e-05, 3.23902220e-01, -9.42498744e-02,
             -3.23915839e-01, 9.93393041e-05, -1.18567443e+00,
             9.45515335e-02, 1.18565500e+00, 1.71207648e-05 ]
