%YAML:1.0
---
cntFrames: 6
G: !!opencv-matrix
   rows: 3
   cols: 1
   dt: f
   data: [ 5.57807125e-02, 9.26424789e+00, 3.22594428e+00 ]
fx: 4.3520468139648438e+02
fy: 4.3520468139648438e+02
cx: 3.6745172119140625e+02
cy: 2.5220085144042969e+02
mbf: 4.7906394958496094e+01
mb: 1.1007785052061081e-01
Tbc: !!opencv-matrix
   rows: 4
   cols: 4
   dt: f
   data: [ 1.48655428e-02, -9.99880910e-01, 4.14029695e-03,
       -2.16401462e-02, 9.99557257e-01, 1.49672134e-02, 2.57155299e-02,
       -6.46769851e-02, -2.57744361e-02, 3.75618832e-03, 9.99660730e-01,
       9.81073081e-03, 0., 0., 0., 1. ]
Ric: !!opencv-matrix
   rows: 3
   cols: 3
   dt: f
   data: [ 1.48655428e-02, -9.99880910e-01, 4.14029695e-03,
       9.99557257e-01, 1.49672134e-02, 2.57155299e-02, -2.57744361e-02,
       3.75618832e-03, 9.99660730e-01 ]
Tic: !!opencv-matrix
   rows: 4
   cols: 1
   dt: f
   data: [ -2.16401462e-02, -6.46769851e-02, 9.81073081e-03, 1. ]
PreintData:
   -
      Id: 498
      Pi: !!opencv-matrix
         rows: 3
         cols: 1
         dt: f
         data: [ 1.09500363e-01, 3.60368878e-01, 2.85170585e-01 ]
      Qi: !!opencv-matrix
         rows: 4
         cols: 1
         dt: f
         data: [ 6.96788847e-01, 1.15148649e-01, -7.29967654e-02,
             -7.04199970e-01 ]
      Vi: !!opencv-matrix
         rows: 3
         cols: 1
         dt: f
         data: [ 7.57271948e-04, 2.36666482e-02, 6.91572297e-03 ]
      Bai: !!opencv-matrix
         rows: 3
         cols: 1
         dt: f
         data: [ -6.85823187e-02, 2.33436778e-01, 7.99798407e-03 ]
      Bgi: !!opencv-matrix
         rows: 3
         cols: 1
         dt: f
         data: [ -3.16718570e-03, 2.12308094e-02, 7.87938684e-02 ]
      DeltaT: 4.9999952316284180e-02
      dPi: !!opencv-matrix
         rows: 3
         cols: 1
         dt: f
         data: [ 1.30595611e-02, -1.01858331e-03, -3.57092358e-03 ]
      dVi: !!opencv-matrix
         rows: 3
         cols: 1
         dt: f
         data: [ 4.74191010e-01, -3.69261764e-02, -1.29537836e-01 ]
      dRi: !!opencv-matrix
         rows: 3
         cols: 3
         dt: f
         data: [ 1., -3.09325660e-05, -3.35414770e-05, 3.09332245e-05,
             1., 1.96668916e-05, 3.35408695e-05, -1.96679284e-05, 1. ]
      dBai: !!opencv-matrix
         rows: 3
         cols: 1
         dt: f
         data: [ 0., 0., 0. ]
      dBgi: !!opencv-matrix
         rows: 3
         cols: 1
         dt: f
         data: [ 0., 0., 0. ]
      CovPVPhi: !!opencv-matrix
         rows: 9
         cols: 9
         dt: f
         data: [ 1.25726046e-07, 4.01315781e-13, 1.42424701e-12,
             3.78125242e-06, 2.11689659e-11, 7.51739573e-11,
             -7.63019984e-15, -2.23169441e-10, 6.28730887e-11,
             4.01315781e-13, 1.25731233e-07, -1.09659149e-13,
             2.13163844e-11, 3.78152595e-06, -5.82296190e-12,
             2.23194407e-10, -2.28485579e-14, 8.17294454e-10,
             1.42424701e-12, -1.09659149e-13, 1.25730878e-07,
             7.50898788e-11, -5.77624580e-12, 3.78150708e-06,
             -6.29119673e-11, -8.17298840e-10, -1.12187506e-14,
             3.78125242e-06, 2.13163844e-11, 7.50898788e-11,
             1.51250963e-04, 1.20057375e-09, 4.22440039e-09,
             -4.79611793e-13, -1.40705883e-08, 4.01011979e-09,
             2.11689659e-11, 3.78152595e-06, -5.77624580e-12,
             1.20057375e-09, 1.51266344e-04, -3.27510213e-10,
             1.40721639e-08, -1.44163273e-12, 5.15948386e-08,
             7.51739573e-11, -5.82296190e-12, 3.78150708e-06,
             4.22440039e-09, -3.27510213e-10, 1.51265296e-04,
             -4.01257338e-09, -5.15951122e-08, -7.06922368e-13,
             -7.63019984e-15, 2.23194407e-10, -6.29119673e-11,
             -4.79611793e-13, 1.40721639e-08, -4.01257338e-09,
             2.41999544e-07, 2.53803407e-20, -5.34119207e-19,
             -2.23169441e-10, -2.28485579e-14, -8.17298840e-10,
             -1.40705883e-08, -1.44163273e-12, -5.15951122e-08,
             2.53803407e-20, 2.41999544e-07, 2.97781427e-19,
             6.28730887e-11, 8.17294454e-10, -1.12187506e-14,
             4.01011979e-09, 5.15948386e-08, -7.06922368e-13,
             -5.34119207e-19, 2.97781427e-19, 2.41999544e-07 ]
      dpdba: !!opencv-matrix
         rows: 3
         cols: 3
         dt: f
         data: [ -1.37499743e-03, 5.74171573e-08, -1.31562328e-09,
             -5.74171999e-08, -1.37499743e-03, -1.41297685e-08,
             1.31642885e-09, 1.41295722e-08, -1.37499743e-03 ]
      dpdbg: !!opencv-matrix
         rows: 3
         cols: 3
         dt: f
         data: [ -3.43537704e-06, 5.39222128e-05, -1.52165403e-05,
             -5.39216526e-05, -3.43441116e-06, -1.97514746e-04,
             1.52244575e-05, 1.97514033e-04, -3.43646298e-06 ]
      dqdbg: !!opencv-matrix
         rows: 3
         cols: 3
         dt: f
         data: [ -4.99999523e-02, 5.32730496e-07, -1.46398008e-06,
             -5.32739818e-07, -4.99999523e-02, 1.71735465e-07,
             1.46398338e-06, -1.71757904e-07, -4.99999523e-02 ]
      dvdba: !!opencv-matrix
         rows: 3
         cols: 3
         dt: f
         data: [ -4.99999523e-02, 2.07936432e-06, 2.13088683e-07,
             -2.07937205e-06, -4.99999523e-02, -8.11652285e-07,
             -2.13049759e-07, 8.11654331e-07, -4.99999523e-02 ]
      dvdbg: !!opencv-matrix
         rows: 3
         cols: 3
         dt: f
         data: [ 1.36555244e-07, 3.22985020e-03, -9.19995247e-04,
             -3.22982552e-03, 2.51095940e-07, -1.18354391e-02,
             9.20523307e-04, 1.18353954e-02, 1.16745632e-07 ]
   -
      Id: 101
      Pi: !!opencv-matrix
         rows: 3
         cols: 1
         dt: f
         data: [ 1.09494187e-01, 3.60391349e-01, 2.85239547e-01 ]
      Qi: !!opencv-matrix
         rows: 4
         cols: 1
         dt: f
         data: [ 6.96737945e-01, 1.15177795e-01, -7.30126202e-02,
             -7.04243898e-01 ]
      Vi: !!opencv-matrix
         rows: 3
         cols: 1
         dt: f
         data: [ -2.29283562e-03, 1.83814969e-02, 2.66282237e-03 ]
      Bai: !!opencv-matrix
         rows: 3
         cols: 1
         dt: f
         data: [ -6.85823187e-02, 2.33436778e-01, 7.99798407e-03 ]
      Bgi: !!opencv-matrix
         rows: 3
         cols: 1
         dt: f
         data: [ -3.16718570e-03, 2.12308094e-02, 7.87938684e-02 ]
      DeltaT: 5.0000000000000000e-01
      dPi: !!opencv-matrix
         rows: 3
         cols: 1
         dt: f
         data: [ 1.19769704e+00, -9.60975662e-02, -3.27163190e-01 ]
      dVi: !!opencv-matrix
         rows: 3
         cols: 1
         dt: f
         data: [ 4.74265099e+00, -3.79651189e-01, -1.29496777e+00 ]
      dRi: !!opencv-matrix
         rows: 3
         cols: 3
         dt: f
         data: [ 9.99999881e-01, -3.25095956e-04, -3.11037933e-04,
             3.25112051e-04, 9.99999940e-01, 5.16847394e-05,
             3.11021111e-04, -5.17858571e-05, 9.99999940e-01 ]
      dBai: !!opencv-matrix
         rows: 3
         cols: 1
         dt: f
         data: [ 0., 0., 0. ]
      dBgi: !!opencv-matrix
         rows: 3
         cols: 1
         dt: f
         data: [ 0., 0., 0. ]
      CovPVPhi: !!opencv-matrix
         rows: 9
         cols: 9
         dt: f
         data: [ 1.26092258e-04, 5.30591002e-08, 1.81419963e-07,
             3.78395023e-04, 2.66398615e-07, 9.11461314e-07,
             -5.77110547e-11, -2.57536016e-07, 7.52062945e-08,
             5.30591002e-08, 1.26751969e-04, -1.44980099e-08,
             2.66452929e-07, 3.81709338e-04, -7.28089873e-08,
             2.57818499e-07, -1.31016684e-10, 9.42345252e-07,
             1.81419963e-07, -1.44980099e-08, 1.26706640e-04,
             9.10764356e-07, -7.27385014e-08, 3.81481746e-04,
             -7.55149330e-08, -9.42400050e-07, -2.74786478e-11,
             3.78395023e-04, 2.66452929e-07, 9.10764356e-07,
             1.51394634e-03, 1.42755187e-06, 4.87974967e-06,
             -3.47159995e-10, -1.55051089e-06, 4.53747163e-07,
