%YAML:1.0
---
cntFrames: 6
G: !!opencv-matrix
   rows: 3
   cols: 1
   dt: f
   data: [ 9.00042355e-02, 9.25301552e+00, 3.25725603e+00 ]
fx: 4.3520468139648438e+02
fy: 4.3520468139648438e+02
cx: 3.6745172119140625e+02
cy: 2.5220085144042969e+02
mbf: 4.7906394958496094e+01
mb: 1.1007785052061081e-01
Tbc: !!opencv-matrix
   rows: 4
   cols: 4
   dt: f
   data: [ 1.48655428e-02, -9.99880910e-01, 4.14029695e-03,
       -2.16401462e-02, 9.99557257e-01, 1.49672134e-02, 2.57155299e-02,
       -6.46769851e-02, -2.57744361e-02, 3.75618832e-03, 9.99660730e-01,
       9.81073081e-03, 0., 0., 0., 1. ]
Ric: !!opencv-matrix
   rows: 3
   cols: 3
   dt: f
   data: [ 1.48655428e-02, -9.99880910e-01, 4.14029695e-03,
       9.99557257e-01, 1.49672134e-02, 2.57155299e-02, -2.57744361e-02,
       3.75618832e-03, 9.99660730e-01 ]
Tic: !!opencv-matrix
   rows: 4
   cols: 1
   dt: f
   data: [ -2.16401462e-02, -6.46769851e-02, 9.81073081e-03, 1. ]
PreintData:
   -
      Id: 498
      Pi: !!opencv-matrix
         rows: 3
         cols: 1
         dt: f
         data: [ 1.09656043e-01, 3.60628277e-01, 2.86350340e-01 ]
      Qi: !!opencv-matrix
         rows: 4
         cols: 1
         dt: f
         data: [ 6.96791828e-01, 1.15143158e-01, -7.27361217e-02,
             -7.04224885e-01 ]
      Vi: !!opencv-matrix
         rows: 3
         cols: 1
         dt: f
         data: [ 1.28118065e-03, 2.33714804e-02, 8.24018475e-03 ]
      Bai: !!opencv-matrix
         rows: 3
         cols: 1
         dt: f
         data: [ -5.08183427e-02, 2.68402368e-01, 3.15629989e-02 ]
      Bgi: !!opencv-matrix
         rows: 3
         cols: 1
         dt: f
         data: [ -3.16208508e-03, 2.13182867e-02, 7.87017643e-02 ]
      DeltaT: 4.5000004768371582e-01
      dPi: !!opencv-matrix
         rows: 3
         cols: 1
         dt: f
         data: [ 9.69618559e-01, -8.13242495e-02, -2.68087596e-01 ]
      dVi: !!opencv-matrix
         rows: 3
         cols: 1
         dt: f
         data: [ 4.26089048e+00, -3.56031835e-01, -1.17697287e+00 ]
      dRi: !!opencv-matrix
         rows: 3
         cols: 3
         dt: f
         data: [ 9.99999881e-01, -3.44315486e-04, -2.62771180e-04,
             3.44333239e-04, 9.99999940e-01, 6.75305346e-05,
             2.62747897e-04, -6.76210111e-05, 9.99999940e-01 ]
      dBai: !!opencv-matrix
         rows: 3
         cols: 1
         dt: f
         data: [ 0., 0., 0. ]
      dBgi: !!opencv-matrix
         rows: 3
         cols: 1
         dt: f
         data: [ 0., 0., 0. ]
      CovPVPhi: !!opencv-matrix
         rows: 9
         cols: 9
         dt: f
         data: [ 9.19140293e-05, 3.25273213e-08, 1.07623741e-07,
             3.06462403e-04, 1.81626589e-07, 6.01066517e-07,
             -5.12363207e-11, -1.89133857e-07, 5.71371253e-08,
             3.25273213e-08, 9.23007901e-05, -8.98821462e-09,
             1.81283554e-07, 3.08622490e-04, -5.00928721e-08,
             1.89300280e-07, -1.11729813e-10, 6.84463203e-07,
             1.07623741e-07, -8.98821462e-09, 9.22737672e-05,
             6.00543103e-07, -5.01439352e-08, 3.08471703e-04,
             -5.73867887e-08, -6.84490431e-07, -3.19998021e-11,
             3.06462403e-04, 1.81283554e-07, 6.00543103e-07,
             1.36232772e-03, 1.07968413e-06, 3.57715999e-06,
             -3.43117451e-10, -1.26604868e-06, 3.81888611e-07,
             1.81626589e-07, 3.08622490e-04, -5.01439352e-08,
             1.07968413e-06, 1.37519627e-03, -2.98043290e-07,
             1.26716418e-06, -7.48290485e-10, 4.58735349e-06,
             6.01066517e-07, -5.00928721e-08, 3.08471703e-04,
             3.57715999e-06, -2.98043290e-07, 1.37429882e-03,
             -3.83561797e-07, -4.58753630e-06, -2.14728027e-10,
             -5.12363207e-11, 1.89300280e-07, -5.73867887e-08,
             -3.43117451e-10, 1.26716418e-06, -3.83561797e-07,
             2.17800039e-06, 4.57838886e-19, 1.92732421e-18,
             -1.89133857e-07, -1.11729813e-10, -6.84490431e-07,
             -1.26604868e-06, -7.48290485e-10, -4.58753630e-06,
             4.57838834e-19, 2.17800039e-06, -3.34024920e-18,
             5.71371253e-08, 6.84463203e-07, -3.19998021e-11,
             3.81888611e-07, 4.58735349e-06, -2.14728027e-10,
             1.92732421e-18, -3.34024920e-18, 2.17800039e-06 ]
      dpdba: !!opencv-matrix
         rows: 3
         cols: 3
         dt: f
         data: [ -1.02375023e-01, 9.44238400e-06, 5.19341029e-06,
             -9.44245312e-06, -1.02375023e-01, 1.52532156e-08,
             -5.19348896e-06, -1.45635974e-08, -1.02375023e-01 ]
      dpdbg: !!opencv-matrix
         rows: 3
         cols: 3
         dt: f
         data: [ -2.53885257e-04, 3.97338718e-02, -1.20070400e-02,
             -3.97399738e-02, -2.53138569e-04, -1.43813789e-01,
             1.20163802e-02, 1.43814713e-01, -2.56211701e-04 ]
      dqdbg: !!opencv-matrix
         rows: 3
         cols: 3
         dt: f
         data: [ -4.50000018e-01, -8.77760613e-05, -8.12430444e-05,
             8.77703860e-05, -4.50000048e-01, 2.60343222e-05,
             8.12488579e-05, -2.60156412e-05, -4.50000048e-01 ]
      dvdba: !!opencv-matrix
         rows: 3
         cols: 3
         dt: f
         data: [ -4.50000048e-01, 6.71727976e-05, 3.69950139e-05,
             -6.71741436e-05, -4.50000048e-01, -4.38235202e-06,
             -3.69936242e-05, 4.39070800e-06, -4.50000048e-01 ]
      dvdbg: !!opencv-matrix
         rows: 3
         cols: 3
         dt: f
         data: [ 2.02055253e-05, 2.64494509e-01, -7.97821879e-02,
             -2.64542818e-01, 2.39800629e-05, -9.58420515e-01,
             7.98699111e-02, 9.58426535e-01, -4.24990958e-06 ]
   -
      Id: 103
      Pi: !!opencv-matrix
         rows: 3
         cols: 1
         dt: f
         data: [ 1.09614141e-01, 3.60631704e-01, 2.86266327e-01 ]
      Qi: !!opencv-matrix
         rows: 4
         cols: 1
         dt: f
         data: [ 6.96774006e-01, 1.15108460e-01, -7.27046356e-02,
             -7.04251409e-01 ]
      Vi: !!opencv-matrix
         rows: 3
         cols: 1
         dt: f
         data: [ 6.44581043e-04, 2.47518942e-02, 1.05944602e-02 ]
      Bai: !!opencv-matrix
         rows: 3
         cols: 1
         dt: f
         data: [ -5.14260232e-02, 2.68747985e-01, 3.22419740e-02 ]
      Bgi: !!opencv-matrix
         rows: 3
         cols: 1
         dt: f
         data: [ -3.16209486e-03, 2.13184208e-02, 7.87016079e-02 ]
      DeltaT: 5.0000000000000000e-01
      dPi: !!opencv-matrix
         rows: 3
         cols: 1
         dt: f
         data: [ 1.19581640e+00, -1.00029126e-01, -3.30001354e-01 ]
      dVi: !!opencv-matrix
         rows: 3
         cols: 1
         dt: f
         data: [ 4.73539352e+00, -3.95778805e-01, -1.30603421e+00 ]
      dRi: !!opencv-matrix
         rows: 3
         cols: 3
         dt: f
         data: [ 9.99999821e-01, -4.42801276e-04, -4.40318574e-04,
             4.42785211e-04, 9.99999881e-01, -3.65697633e-05,
             4.40334727e-04, 3.63747895e-05, 9.99999881e-01 ]
      dBai: !!opencv-matrix
         rows: 3
         cols: 1
         dt: f
         data: [ 6.07681053e-04, -3.45620094e-04, -6.78974262e-04 ]
      dBgi: !!opencv-matrix
         rows: 3
         cols: 1
         dt: f
         data: [ 9.83769244e-09, -1.33720945e-07, 1.57438976e-07 ]
      CovPVPhi: !!opencv-matrix
         rows: 9
         cols: 9
         dt: f
         data: [ 1.26093539e-04, 5.53589032e-08, 1.82623680e-07,
             3.78401193e-04, 2.78028864e-07, 9.17435500e-07,
             -8.09954812e-11, -2.59595083e-07, 7.86647121e-08,
             5.53589032e-08, 1.26750761e-04, -1.52751731e-08,
             2.77840911e-07, 3.81702877e-04, -7.66641151e-08,
             2.60004157e-07, -7.90810264e-11, 9.40773305e-07,
             1.82623680e-07, -1.52751731e-08, 1.26704996e-04,
             9.16747524e-07, -7.66584662e-08, 3.81473161e-04,
             -7.90713557e-08, -9.40850498e-07, 6.99942673e-11,
             3.78401193e-04, 2.77840911e-07, 9.16747524e-07,
             1.51397847e-03, 1.48853121e-06, 4.91168112e-06,
             -4.87660967e-10, -1.56319061e-06, 4.73842931e-07,
             2.78028864e-07, 3.81702877e-04, -7.66584662e-08,
             1.48853121e-06, 1.53166999e-03, -4.10373787e-07,
             1.56565648e-06, -4.75970485e-10, 5.67098004e-06,
             9.17435500e-07, -7.66641151e-08, 3.81473161e-04,
             4.91168112e-06, -4.10373787e-07, 1.53044029e-03,
             -4.76294275e-07, -5.67144525e-06, 4.21775226e-10,
             -8.09954812e-11, 2.60004157e-07, -7.90713557e-08,
             -4.87660967e-10, 1.56565648e-06, -4.76294275e-07,
             2.42000010e-06, -4.03951336e-18, 4.89065946e-18,
             -2.59595083e-07, -7.90810264e-11, -9.40850498e-07,
             -1.56319061e-06, -4.75970485e-10, -5.67144525e-06,
             -4.03951336e-18, 2.42000010e-06, 2.49694560e-18,
             7.86647121e-08, 9.40773305e-07, 6.99942673e-11,
             4.73842931e-07, 5.67098004e-06, 4.21775226e-10,
             4.89065905e-18, 2.49694560e-18, 2.42000010e-06 ]
      dpdba: !!opencv-matrix
         rows: 3
         cols: 3
         dt: f
         data: [ -1.26249999e-01, 2.05898650e-05, 1.49660764e-05,
             -2.05897595e-05, -1.26249999e-01, 8.12212761e-07,
             -1.49662565e-05, -8.08672382e-07, -1.26249999e-01 ]
      dpdbg: !!opencv-matrix
         rows: 3
         cols: 3
         dt: f
         data: [ -3.10367002e-04, 5.44474609e-02, -1.64974052e-02,
             -5.44652231e-02, -3.09963769e-04, -1.97342291e-01,
             1.65215209e-02, 1.97345123e-01, -3.18177335e-04 ]
      dqdbg: !!opencv-matrix
         rows: 3
         cols: 3
         dt: f
         data: [ -4.99999970e-01, -1.02616286e-04, -1.31336143e-04,
             1.02620135e-04, -4.99999970e-01, -1.43833749e-05,
             1.31333029e-04, 1.44169744e-05, -4.99999970e-01 ]
      dvdba: !!opencv-matrix
         rows: 3
         cols: 3
         dt: f
         data: [ -4.99999970e-01, 1.18778044e-04, 8.88294671e-05,
             -1.18777301e-04, -4.99999970e-01, 3.84341047e-06,
             -8.88305440e-05, -3.81566315e-06, -5.00000000e-01 ]
      dvdbg: !!opencv-matrix
         rows: 3
         cols: 3
         dt: f
         data: [ 4.12937370e-05, 3.26283157e-01, -9.88545343e-02,
             -3.26423407e-01, 4.53781649e-05, -1.18367946e+00,
             9.90446061e-02, 1.18370187e+00, -1.92563275e-05 ]
   -
      Id: 102
      Pi: !!opencv-matrix
         rows: 3
         cols: 1
         dt: f
         data: [ 1.09641194e-01, 3.60615820e-01, 2.86429167e-01 ]
      Qi: !!opencv-matrix
         rows: 4
         cols: 1
         dt: f
         data: [ 6.96775734e-01, 1.15153827e-01, -7.26598650e-02,
             -7.04246879e-01 ]
      Vi: !!opencv-matrix
         rows: 3
         cols: 1
         dt: f
         data: [ 1.07658903e-04, 2.28429735e-02, 7.41695845e-03 ]
      Bai: !!opencv-matrix
         rows: 3
         cols: 1
         dt: f
         data: [ -5.19845970e-02, 2.69071192e-01, 3.27773429e-02 ]
      Bgi: !!opencv-matrix
         rows: 3
         cols: 1
         dt: f
         data: [ -3.16211418e-03, 2.13184860e-02, 7.87014514e-02 ]
      DeltaT: 5.0000000000000000e-01
      dPi: !!opencv-matrix
         rows: 3
         cols: 1
         dt: f
         data: [ 1.19561243e+00, -1.00213312e-01, -3.29831928e-01 ]
      dVi: !!opencv-matrix
         rows: 3
         cols: 1
         dt: f
         data: [ 4.73587608e+00, -3.96208048e-01, -1.30688524e+00 ]
      dRi: !!opencv-matrix
         rows: 3
         cols: 3
         dt: f
         data: [ 9.99999881e-01, -4.79574286e-04, -8.43690214e-05,
             4.79583017e-04, 9.99999881e-01, 1.03183971e-04,
             8.43195303e-05, -1.03224425e-04, 1. ]
      dBai: !!opencv-matrix
         rows: 3
         cols: 1
         dt: f
         data: [ 1.16789318e-03, -6.69814530e-04, -1.21622265e-03 ]
      dBgi: !!opencv-matrix
         rows: 3
         cols: 1
         dt: f
         data: [ 2.92329005e-08, -1.99994560e-07, 3.16064018e-07 ]
      CovPVPhi: !!opencv-matrix
         rows: 9
         cols: 9
         dt: f
         data: [ 1.26093408e-04, 5.51928068e-08, 1.82398978e-07,
             3.78401106e-04, 2.77396254e-07, 9.16689885e-07,
             -1.17827359e-10, -2.59408438e-07, 7.84783225e-08,
             5.51928068e-08, 1.26750398e-04, -1.52164947e-08,
             2.77506103e-07, 3.81702819e-04, -7.65102328e-08,
             2.59483329e-07, -2.36741182e-10, 9.40719019e-07,
             1.82398978e-07, -1.52164947e-08, 1.26704719e-04,
             9.17398779e-07, -7.65391022e-08, 3.81473044e-04,
             -7.89619676e-08, -9.40704410e-07, -1.04812020e-10,
             3.78401106e-04, 2.77506103e-07, 9.17398779e-07,
             1.51398149e-03, 1.48782647e-06, 4.91858145e-06,
             -7.11390724e-10, -1.56612737e-06, 4.73449234e-07,
             2.77396254e-07, 3.81702819e-04, -7.65391022e-08,
             1.48782647e-06, 1.53168116e-03, -4.10572284e-07,
             1.56657904e-06, -1.42857526e-09, 5.67349480e-06,
             9.16689885e-07, -7.65102328e-08, 3.81473044e-04,
             4.91858145e-06, -4.10572284e-07, 1.53044809e-03,
             -4.76366296e-07, -5.67340612e-06, -6.32110309e-10,
             -1.17827359e-10, 2.59483329e-07, -7.89619676e-08,
             -7.11390724e-10, 1.56657904e-06, -4.76366296e-07,
             2.42000010e-06, -4.14732229e-18, 3.60377074e-18,
             -2.59408438e-07, -2.36741182e-10, -9.40704410e-07,
             -1.56612737e-06, -1.42857526e-09, -5.67340612e-06,
             -4.14732229e-18, 2.42000010e-06, 3.65577724e-18,
             7.84783225e-08, 9.40719019e-07, -1.04812020e-10,
             4.73449234e-07, 5.67349480e-06, -6.32110309e-10,
             3.60377074e-18, 3.65577724e-18, 2.42000010e-06 ]
      dpdba: !!opencv-matrix
         rows: 3
         cols: 3
         dt: f
         data: [ -1.26249999e-01, 2.51134243e-05, -1.25223960e-06,
             -2.51132769e-05, -1.26249999e-01, -9.58442070e-06,
             1.25470160e-06, 9.58410874e-06, -1.26249999e-01 ]
      dpdbg: !!opencv-matrix
         rows: 3
         cols: 3
         dt: f
         data: [ -3.07352631e-04, 5.44105321e-02, -1.64633673e-02,
             -5.44079319e-02, -2.95024569e-04, -1.97318375e-01,
             1.64963175e-02, 1.97315469e-01, -3.03036009e-04 ]
      dqdbg: !!opencv-matrix
         rows: 3
         cols: 3
         dt: f
         data: [ -4.99999970e-01, -9.97847965e-05, -4.58699760e-05,
             9.97847819e-05, -4.99999970e-01, 1.00636362e-06,
             4.58731374e-05, -9.96965355e-07, -5.00000000e-01 ]
      dvdba: !!opencv-matrix
         rows: 3
         cols: 3
         dt: f
         data: [ -4.99999970e-01, 1.40002536e-04, -3.68587189e-06,
             -1.40002085e-04, -4.99999970e-01, -5.06076285e-05,
             3.70300108e-06, 5.06068391e-05, -5.00000000e-01 ]
      dvdbg: !!opencv-matrix
         rows: 3
         cols: 3
         dt: f
         data: [ 6.57881246e-05, 3.26886445e-01, -9.88588631e-02,
             -3.26867193e-01, 1.54413356e-04, -1.18416798e+00,
             9.91182476e-02, 1.18414509e+00, 9.05977358e-05 ]
   -
      Id: 101
      Pi: !!opencv-matrix
         rows: 3
         cols: 1
         dt: f
         data: [ 1.09672628e-01, 3.60618174e-01, 2.86400199e-01 ]
      Qi: !!opencv-matrix
         rows: 4
         cols: 1
         dt: f
         data: [ 6.96755588e-01, 1.15155503e-01, -7.27332309e-02,
             -7.04258978e-01 ]
      Vi: !!opencv-matrix
         rows: 3
         cols: 1
         dt: f
         data: [ 4.58038092e-04, 2.28881575e-02, 8.45434051e-03 ]
      Bai: !!opencv-matrix
         rows: 3
         cols: 1
         dt: f
         data: [ -5.25457487e-02, 2.69434214e-01, 3.34515423e-02 ]
      Bgi: !!opencv-matrix
         rows: 3
         cols: 1
         dt: f
         data: [ -3.16203176e-03, 2.13185828e-02, 7.87011683e-02 ]
      DeltaT: 5.0000000000000000e-01
      dPi: !!opencv-matrix
         rows: 3
         cols: 1
         dt: f
         data: [ 1.19539785e+00, -1.00364678e-01, -3.29364479e-01 ]
      dVi: !!opencv-matrix
         rows: 3
         cols: 1
         dt: f
         data: [ 4.73484898e+00, -3.96311253e-01, -1.30456662e+00 ]
      dRi: !!opencv-matrix
         rows: 3
         cols: 3
         dt: f
         data: [ 9.99999762e-01, -5.73861587e-04, -3.18356877e-04,
             5.73911122e-04, 9.99999821e-01, 1.55553047e-04,
             3.18267557e-04, -1.55735717e-04, 9.99999940e-01 ]
      dBai: !!opencv-matrix
         rows: 3
         cols: 1
         dt: f
         data: [ 1.68401282e-03, -1.00837077e-03, -1.84261485e-03 ]
      dBgi: !!opencv-matrix
         rows: 3
         cols: 1
         dt: f
         data: [ -5.33778923e-08, -2.82756446e-07, 5.75708896e-07 ]
      CovPVPhi: !!opencv-matrix
         rows: 9
         cols: 9
         dt: f
         data: [ 1.26093364e-04, 5.53015305e-08, 1.82204815e-07,
             3.78400553e-04, 2.77789212e-07, 9.15878445e-07,
             -1.22902313e-10, -2.59223953e-07, 7.85000154e-08,
             5.53015305e-08, 1.26749801e-04, -1.52424153e-08,
             2.77339694e-07, 3.81700200e-04, -7.64440529e-08,
             2.59516355e-07, -2.89836682e-10, 9.40349139e-07,
             1.82204815e-07, -1.52424153e-08, 1.26704210e-04,
             9.15568251e-07, -7.65420793e-08, 3.81471007e-04,
             -7.90770471e-08, -9.40387963e-07, -1.15951714e-10,
             3.78400553e-04, 2.77339694e-07, 9.15568251e-07,
             1.51397649e-03, 1.48636173e-06, 4.90890898e-06,
             -7.41110173e-10, -1.56285205e-06, 4.72852008e-07,
             2.77789212e-07, 3.81700200e-04, -7.65420793e-08,
             1.48636173e-06, 1.53166894e-03, -4.09533897e-07,
             1.56461579e-06, -1.74784032e-09, 5.67215648e-06,
             9.15878445e-07, -7.64440529e-08, 3.81471007e-04,
             4.90890898e-06, -4.09533897e-07, 1.53044041e-03,
             -4.76332502e-07, -5.67239067e-06, -6.99629854e-10,
             -1.22902313e-10, 2.59516355e-07, -7.90770471e-08,
             -7.41110173e-10, 1.56461579e-06, -4.76332502e-07,
             2.42000010e-06, -1.16583570e-18, 2.29635533e-18,
             -2.59223953e-07, -2.89836682e-10, -9.40387963e-07,
             -1.56285205e-06, -1.74784032e-09, -5.67239067e-06,
             -1.16583570e-18, 2.42000010e-06, -3.28302216e-18,
             7.85000154e-08, 9.40349139e-07, -1.15951714e-10,
             4.72852008e-07, 5.67215648e-06, -6.99629854e-10,
             2.29635512e-18, -3.28302216e-18, 2.42000010e-06 ]
      dpdba: !!opencv-matrix
         rows: 3
         cols: 3
         dt: f
         data: [ -1.26249999e-01, 2.55227515e-05, 2.01543698e-05,
             -2.55230298e-05, -1.26249999e-01, -6.77954802e-07,
             -2.01538533e-05, 6.83081907e-07, -1.26249999e-01 ]
      dpdbg: !!opencv-matrix
         rows: 3
         cols: 3
         dt: f
         data: [ -3.09186755e-04, 5.43699563e-02, -1.64719187e-02,
             -5.43965995e-02, -3.07766401e-04, -1.97247043e-01,
             1.65030900e-02, 1.97251752e-01, -3.18640319e-04 ]
      dqdbg: !!opencv-matrix
         rows: 3
         cols: 3
         dt: f
         data: [ -4.99999970e-01, -1.43905316e-04, -5.90737291e-05,
             1.43896599e-04, -4.99999970e-01, 6.13643206e-05,
             5.90948366e-05, -6.13421362e-05, -5.00000000e-01 ]
      dvdba: !!opencv-matrix
         rows: 3
         cols: 3
         dt: f
         data: [ -4.99999970e-01, 1.43045050e-04, 1.00069483e-04,
             -1.43049809e-04, -4.99999970e-01, -1.64461017e-05,
             -1.00061319e-04, 1.64799130e-05, -5.00000000e-01 ]
      dvdbg: !!opencv-matrix
         rows: 3
         cols: 3
         dt: f
         data: [ 4.99506059e-05, 3.26182425e-01, -9.87831503e-02,
             -3.26370448e-01, 7.17733710e-05, -1.18381107e+00,
             9.90232080e-02, 1.18384302e+00, -9.67555843e-06 ]
   -
      Id: 100
      Pi: !!opencv-matrix
         rows: 3
         cols: 1
         dt: f
         data: [ 1.09644145e-01, 3.60625833e-01, 2.86424071e-01 ]
      Qi: !!opencv-matrix
         rows: 4
         cols: 1
         dt: f
         data: [ 6.96770012e-01, 1.15139529e-01, -7.27053434e-02,
             -7.04250216e-01 ]
      Vi: !!opencv-matrix
         rows: 3
         cols: 1
         dt: f
         data: [ 1.23100937e-03, 2.36845501e-02, 7.94609170e-03 ]
      Bai: !!opencv-matrix
         rows: 3
         cols: 1
         dt: f
         data: [ -5.30871712e-02, 2.69838989e-01, 3.40878181e-02 ]
      Bgi: !!opencv-matrix
         rows: 3
         cols: 1
         dt: f
         data: [ -3.16195353e-03, 2.13187300e-02, 7.87010342e-02 ]
      DeltaT: 5.0000000000000000e-01
      dPi: !!opencv-matrix
         rows: 3
         cols: 1
         dt: f
         data: [ 1.19574344e+00, -1.00311458e-01, -3.30295801e-01 ]
      dVi: !!opencv-matrix
         rows: 3
         cols: 1
         dt: f
         data: [ 4.73391581e+00, -3.95282030e-01, -1.30741131e+00 ]
      dRi: !!opencv-matrix
         rows: 3
         cols: 3
         dt: f
         data: [ 9.99999762e-01, -6.61250087e-04, -3.09678115e-04,
             6.61292288e-04, 9.99999762e-01, 1.36296207e-04,
             3.09587922e-04, -1.36500952e-04, 9.99999940e-01 ]
      dBai: !!opencv-matrix
         rows: 3
         cols: 1
         dt: f
         data: [ 2.10078456e-03, -1.34196016e-03, -2.34971847e-03 ]
      dBgi: !!opencv-matrix
         rows: 3
         cols: 1
         dt: f
         data: [ -1.32785701e-07, -4.06822153e-07, 6.77100900e-07 ]
      CovPVPhi: !!opencv-matrix
         rows: 9
         cols: 9
         dt: f
         data: [ 1.26093553e-04, 5.52340929e-08, 1.82584117e-07,
             3.78401397e-04, 2.77374198e-07, 9.17308626e-07,
             -1.47902607e-10, -2.59716188e-07, 7.84318246e-08,
             5.52340929e-08, 1.26750092e-04, -1.52534589e-08,
             2.76458024e-07, 3.81699909e-04, -7.63483143e-08,
             2.59996881e-07, -2.97264602e-10, 9.40308894e-07,
             1.82584117e-07, -1.52534589e-08, 1.26704283e-04,
             9.17194370e-07, -7.65918102e-08, 3.81469697e-04,
             -7.90898156e-08, -9.40337145e-07, -1.00588537e-10,
             3.78401397e-04, 2.76458024e-07, 9.17194370e-07,
             1.51398033e-03, 1.48056006e-06, 4.91494802e-06,
             -8.92043217e-10, -1.56540239e-06, 4.70859504e-07,
             2.77374198e-07, 3.81699909e-04, -7.65918102e-08,
             1.48056006e-06, 1.53165672e-03, -4.08824093e-07,
             1.56709484e-06, -1.79186765e-09, 5.66868630e-06,
             9.17308626e-07, -7.63483143e-08, 3.81469697e-04,
             4.91494802e-06, -4.08824093e-07, 1.53042271e-03,
             -4.74826152e-07, -5.66885774e-06, -6.07011608e-10,
             -1.47902607e-10, 2.59996881e-07, -7.90898156e-08,
             -8.92043217e-10, 1.56709484e-06, -4.74826152e-07,
             2.42000010e-06, 3.48303794e-18, 1.46211651e-17,
             -2.59716188e-07, -2.97264602e-10, -9.40337145e-07,
             -1.56540239e-06, -1.79186765e-09, -5.66885774e-06,
             3.48303794e-18, 2.42000010e-06, -1.51654632e-17,
             7.84318246e-08, 9.40308894e-07, -1.00588537e-10,
             4.70859504e-07, 5.66868630e-06, -6.07011608e-10,
             1.46211651e-17, -1.51654632e-17, 2.42000010e-06 ]
      dpdba: !!opencv-matrix
         rows: 3
         cols: 3
         dt: f
         data: [ -1.26249984e-01, 4.41374686e-05, 1.41627388e-05,
             -4.41378543e-05, -1.26249984e-01, -1.26776354e-06,
             -1.41620476e-05, 1.27430894e-06, -1.26249999e-01 ]
      dpdbg: !!opencv-matrix
         rows: 3
         cols: 3
         dt: f
         data: [ -3.00656946e-04, 5.44731617e-02, -1.64561924e-02,
             -5.44890463e-02, -2.98923958e-04, -1.97238967e-01,
             1.65152941e-02, 1.97238445e-01, -3.16547055e-04 ]
      dqdbg: !!opencv-matrix
         rows: 3
         cols: 3
         dt: f
         data: [ -4.99999970e-01, -1.09797671e-04, -6.72199749e-05,
             1.09788656e-04, -4.99999970e-01, 5.42010348e-05,
             6.72338938e-05, -5.41772497e-05, -5.00000000e-01 ]
      dvdba: !!opencv-matrix
         rows: 3
         cols: 3
         dt: f
         data: [ -4.99999940e-01, 2.20844260e-04, 8.75832484e-05,
             -2.20848437e-04, -4.99999940e-01, -1.39916201e-05,
             -8.75750338e-05, 1.40393295e-05, -5.00000000e-01 ]
      dvdbg: !!opencv-matrix
         rows: 3
         cols: 3
         dt: f
         data: [ 1.02962309e-04, 3.26680958e-01, -9.83168259e-02,
             -3.26811939e-01, 1.25632781e-04, -1.18301201e+00,
             9.87325534e-02, 1.18301415e+00, 7.24485005e-07 ]
   -
      Id: 99
      Pi: !!opencv-matrix
         rows: 3
         cols: 1
         dt: f
         data: [ 1.09623134e-01, 3.60633254e-01, 2.86434501e-01 ]
      Qi: !!opencv-matrix
         rows: 4
         cols: 1
         dt: f
         data: [ 6.96718276e-01, 1.15111507e-01, -7.26921782e-02,
             -7.04307318e-01 ]
      Vi: !!opencv-matrix
         rows: 3
         cols: 1
         dt: f
         data: [ 4.83586104e-04, 2.40768157e-02, 8.95782001e-03 ]
      Bai: !!opencv-matrix
         rows: 3
         cols: 1
         dt: f
         data: [ -5.36147840e-02, 2.70126849e-01, 3.46715935e-02 ]
      Bgi: !!opencv-matrix
         rows: 3
         cols: 1
         dt: f
         data: [ -3.16198752e-03, 2.13187896e-02, 7.87007660e-02 ]
      DeltaT: 5.0000000000000000e-01
      dPi: !!opencv-matrix
         rows: 3
         cols: 1
         dt: f
         data: [ 1.19521737e+00, -9.95954797e-02, -3.29979271e-01 ]
      dVi: !!opencv-matrix
         rows: 3
         cols: 1
         dt: f
         data: [ 4.73330212e+00, -3.94619226e-01, -1.30651522e+00 ]
      dRi: !!opencv-matrix
         rows: 3
         cols: 3
         dt: f
         data: [ 9.99999821e-01, -5.20027941e-04, -2.01400690e-04,
             5.20016707e-04, 9.99999881e-01, -5.56058185e-05,
             2.01429590e-04, 5.55010774e-05, 1. ]
      dBai: !!opencv-matrix
         rows: 3
         cols: 1
         dt: f
         data: [ 2.44324375e-03, -1.51834229e-03, -2.73816800e-03 ]
      dBgi: !!opencv-matrix
         rows: 3
         cols: 1
         dt: f
         data: [ -9.02078980e-08, -4.34197744e-07, 8.92137905e-07 ]
      CovPVPhi: !!opencv-matrix
         rows: 9
         cols: 9
         dt: f
         data: [ 1.26093451e-04, 5.49326522e-08, 1.82485664e-07,
             3.78400960e-04, 2.76059211e-07, 9.16769636e-07,
             -1.19548565e-10, -2.59480117e-07, 7.81837670e-08,
             5.49326522e-08, 1.26750048e-04, -1.51617190e-08,
             2.76574582e-07, 3.81700258e-04, -7.63202053e-08,
             2.59679922e-07, -9.02107417e-11, 9.40496534e-07,
             1.82485664e-07, -1.51617190e-08, 1.26704253e-04,
             9.16750651e-07, -7.61764696e-08, 3.81470250e-04,
             -7.86635184e-08, -9.40509608e-07, 6.20248852e-11,
             3.78400960e-04, 2.76574582e-07, 9.16750651e-07,
             1.51397905e-03, 1.48266213e-06, 4.91281617e-06,
             -7.20589199e-10, -1.56454655e-06, 4.72535845e-07,
             2.76059211e-07, 3.81700258e-04, -7.61764696e-08,
             1.48266213e-06, 1.53166044e-03, -4.09104985e-07,
             1.56575118e-06, -5.43983747e-10, 5.66964900e-06,
             9.16769636e-07, -7.63202053e-08, 3.81470250e-04,
             4.91281617e-06, -4.09104985e-07, 1.53042830e-03,
             -4.75427953e-07, -5.66972722e-06, 3.74161618e-10,
             -1.19548565e-10, 2.59679922e-07, -7.86635184e-08,
             -7.20589199e-10, 1.56575118e-06, -4.75427953e-07,
             2.42000010e-06, -9.43805469e-18, 1.85281013e-17,
             -2.59480117e-07, -9.02107417e-11, -9.40509608e-07,
             -1.56454655e-06, -5.43983747e-10, -5.66972722e-06,
             -9.43805469e-18, 2.42000010e-06, -1.29284442e-17,
             7.81837670e-08, 9.40496534e-07, 6.20248852e-11,
             4.72535845e-07, 5.66964900e-06, 3.74161618e-10,
             1.85281013e-17, -1.29284442e-17, 2.42000010e-06 ]
      dpdba: !!opencv-matrix
         rows: 3
         cols: 3
         dt: f
         data: [ -1.26249999e-01, 2.92998302e-05, 1.65715392e-05,
             -2.92986533e-05, -1.26249999e-01, 5.60874651e-06,
             -1.65736601e-05, -5.60370654e-06, -1.26249999e-01 ]
      dpdbg: !!opencv-matrix
         rows: 3
         cols: 3
         dt: f
         data: [ -3.07532260e-04, 5.44265807e-02, -1.63974725e-02,
             -5.44484183e-02, -3.11406504e-04, -1.97271049e-01,
             1.64316986e-02, 1.97273955e-01, -3.23058077e-04 ]
      dqdbg: !!opencv-matrix
         rows: 3
         cols: 3
         dt: f
         data: [ -4.99999970e-01, -9.31316754e-05, -1.82562453e-05,
             9.31329560e-05, -4.99999970e-01, 4.15536351e-06,
             1.82536623e-05, -4.14652231e-06, -5.00000000e-01 ]
      dvdba: !!opencv-matrix
         rows: 3
         cols: 3
         dt: f
         data: [ -4.99999940e-01, 1.66883052e-04, 8.24419621e-05,
             -1.66876358e-04, -4.99999970e-01, 3.19488645e-05,
             -8.24559756e-05, -3.19159044e-05, -5.00000000e-01 ]
      dvdbg: !!opencv-matrix
         rows: 3
         cols: 3
         dt: f
         data: [ 6.25255998e-05, 3.26540738e-01, -9.87172872e-02,
             -3.26700062e-01, 2.31795220e-05, -1.18322372e+00,
             9.89762172e-02, 1.18324363e+00, -6.52704912e-05 ]
