%YAML:1.0
---
cntFrames: 5
PreintData:
   -
      Id: 101
      Pi: !!opencv-matrix
         rows: 3
         cols: 1
         dt: f
         data: [ 1.09365225e-01, 3.60524744e-01, 2.86092788e-01 ]
      Qi: !!opencv-matrix
         rows: 4
         cols: 1
         dt: f
         data: [ 6.96705759e-01, 1.15109012e-01, -7.28627369e-02,
             -7.04302549e-01 ]
      Bai: !!opencv-matrix
         rows: 3
         cols: 1
         dt: f
         data: [ -1.12427719e-01, 2.15549797e-01, -5.87838478e-02 ]
      Bgi: !!opencv-matrix
         rows: 3
         cols: 1
         dt: f
         data: [ -3.16957035e-03, 2.12502293e-02, 7.88451210e-02 ]
      DeltaT: 5.0000000000000000e-01
      dPi: !!opencv-matrix
         rows: 3
         cols: 1
         dt: f
         data: [ 1.20329237e+00, -9.38708931e-02, -3.18738669e-01 ]
      dVi: !!opencv-matrix
         rows: 3
         cols: 1
         dt: f
         data: [ 4.76480961e+00, -3.70851696e-01, -1.26159489e+00 ]
      dRi: !!opencv-matrix
         rows: 3
         cols: 3
         dt: f
         data: [ 9.99999881e-01, -2.99488427e-04, -3.20755207e-04,
             2.99504638e-04, 9.99999940e-01, 5.04904601e-05,
             3.20740073e-04, -5.05865246e-05, 9.99999940e-01 ]
      dBai: !!opencv-matrix
         rows: 3
         cols: 1
         dt: f
         data: [ 0., 0., 0. ]
      dBgi: !!opencv-matrix
         rows: 3
         cols: 1
         dt: f
         data: [ 0., 0., 0. ]
      CovPVPhi: !!opencv-matrix
         rows: 9
         cols: 9
         dt: f
         data: [ 1.26089551e-04, 5.20687209e-08, 1.77575444e-07,
             3.78381374e-04, 2.61424475e-07, 8.92147398e-07,
             -4.90291766e-11, -2.50906339e-07, 7.34588212e-08,
             5.20687209e-08, 1.26755665e-04, -1.37967175e-08,
             2.61487571e-07, 3.81727907e-04, -6.92892570e-08,
             2.51199566e-07, -1.21617494e-10, 9.46746752e-07,
             1.77575444e-07, -1.37967175e-08, 1.26712664e-04,
             8.91434922e-07, -6.92172293e-08, 3.81512014e-04,
             -7.37439407e-08, -9.46804391e-07, -2.64005848e-11,
             3.78381374e-04, 2.61487571e-07, 8.91434922e-07,
             1.51387323e-03, 1.40095631e-06, 4.77617141e-06,
             -2.94858055e-10, -1.51052325e-06, 4.43232011e-07,
             2.61424475e-07, 3.81727907e-04, -6.92172293e-08,
             1.40095631e-06, 1.53180503e-03, -3.70897567e-07,
             1.51229074e-06, -7.32541472e-10, 5.70677230e-06,
             8.92147398e-07, -6.92892570e-08, 3.81512014e-04,
             4.77617141e-06, -3.70897567e-07, 1.53064937e-03,
             -4.44950530e-07, -5.70711882e-06, -1.58998897e-10,
             -4.90291766e-11, 2.51199566e-07, -7.37439407e-08,
             -2.94858055e-10, 1.51229074e-06, -4.44950530e-07,
             2.42000010e-06, -2.68655814e-18, 3.01659410e-18,
             -2.50906339e-07, -1.21617494e-10, -9.46804391e-07,
             -1.51052325e-06, -7.32541472e-10, -5.70711882e-06,
             -2.68655793e-18, 2.42000010e-06, -2.28901328e-18,
             7.34588212e-08, 9.46746752e-07, -2.64005848e-11,
             4.43232011e-07, 5.70677230e-06, -1.58998897e-10,
             3.01659410e-18, -2.28901328e-18, 2.42000010e-06 ]
      dpdba: !!opencv-matrix
         rows: 3
         cols: 3
         dt: f
         data: [ -1.26249999e-01, 1.05953332e-05, 1.38261084e-05,
             -1.05953422e-05, -1.26249999e-01, -1.37593179e-06,
             -1.38261930e-05, 1.37750192e-06, -1.26249999e-01 ]
      dpdbg: !!opencv-matrix
         rows: 3
         cols: 3
         dt: f
         data: [ -3.13760655e-04, 5.26248403e-02, -1.54082067e-02,
             -5.26424609e-02, -3.08633666e-04, -1.98588505e-01,
             1.54214613e-02, 1.98592305e-01, -3.13271914e-04 ]
      dqdbg: !!opencv-matrix
         rows: 3
         cols: 3
         dt: f
         data: [ -4.99999970e-01, -8.68341740e-05, -8.90759184e-05,
             8.68303468e-05, -5.00000000e-01, 2.13969670e-05,
             8.90793017e-05, -2.13792919e-05, -5.00000000e-01 ]
      dvdba: !!opencv-matrix
         rows: 3
         cols: 3
         dt: f
         data: [ -5.00000000e-01, 6.29169299e-05, 7.12952242e-05,
             -6.29174974e-05, -5.00000000e-01, -3.87486807e-06,
             -7.12950641e-05, 3.88604303e-06, -5.00000000e-01 ]
      dvdbg: !!opencv-matrix
         rows: 3
         cols: 3
         dt: f
         data: [ 1.62132474e-05, 3.15215826e-01, -9.24806073e-02,
             -3.15344870e-01, 3.93488845e-05, -1.19098938e+00,
             9.25834998e-02, 1.19101608e+00, 2.93599169e-06 ]
   -
      Id: 100
      Pi: !!opencv-matrix
         rows: 3
         cols: 1
         dt: f
         data: [ 1.09320931e-01, 3.60467046e-01, 2.85988241e-01 ]
      Qi: !!opencv-matrix
         rows: 4
         cols: 1
         dt: f
         data: [ 6.96705282e-01, 1.15049541e-01, -7.28320181e-02,
             -7.04315841e-01 ]
      Bai: !!opencv-matrix
         rows: 3
         cols: 1
         dt: f
         data: [ -1.13633543e-01, 2.16117129e-01, -5.81755973e-02 ]
      Bgi: !!opencv-matrix
         rows: 3
         cols: 1
         dt: f
         data: [ -3.16969934e-03, 2.12503504e-02, 7.88449124e-02 ]
      DeltaT: 5.0000000000000000e-01
      dPi: !!opencv-matrix
         rows: 3
         cols: 1
         dt: f
         data: [ 1.20363712e+00, -9.35196802e-02, -3.18856686e-01 ]
      dVi: !!opencv-matrix
         rows: 3
         cols: 1
         dt: f
         data: [ 4.76741743e+00, -3.69381845e-01, -1.26174164e+00 ]
      dRi: !!opencv-matrix
         rows: 3
         cols: 3
         dt: f
         data: [ 9.99999881e-01, -3.88623099e-04, -3.78310680e-04,
             3.88601969e-04, 9.99999940e-01, -5.59665750e-05,
             3.78332392e-04, 5.58195534e-05, 9.99999940e-01 ]
      dBai: !!opencv-matrix
         rows: 3
         cols: 1
         dt: f
         data: [ 1.20582012e-03, -5.67329931e-04, -6.08247938e-04 ]
      dBgi: !!opencv-matrix
         rows: 3
         cols: 1
         dt: f
         data: [ 1.28966391e-07, -1.21136353e-07, 2.10660701e-07 ]
      CovPVPhi: !!opencv-matrix
         rows: 9
         cols: 9
         dt: f
         data: [ 1.26089479e-04, 5.20300283e-08, 1.77545104e-07,
             3.78381112e-04, 2.61421036e-07, 8.92147966e-07,
             -7.52840706e-11, -2.50738623e-07, 7.34663033e-08,
             5.20300283e-08, 1.26756160e-04, -1.37729979e-08,
             2.60722828e-07, 3.81731224e-04, -6.90148241e-08,
             2.51096878e-07, -3.99052145e-11, 9.47156195e-07,
             1.77545104e-07, -1.37729979e-08, 1.26713188e-04,
             8.91600337e-07, -6.91571813e-08, 3.81515420e-04,
             -7.38375689e-08, -9.47219633e-07, 9.03365022e-11,
             3.78381112e-04, 2.60722828e-07, 8.91600337e-07,
             1.51387206e-03, 1.39682697e-06, 4.77839194e-06,
             -4.53954985e-10, -1.51041070e-06, 4.41329064e-07,
             2.61421036e-07, 3.81731224e-04, -6.91571813e-08,
             1.39682697e-06, 1.53182819e-03, -3.69493392e-07,
             1.51257075e-06, -2.40032716e-10, 5.71080409e-06,
             8.92147966e-07, -6.90148241e-08, 3.81515420e-04,
             4.77839194e-06, -3.69493392e-07, 1.53067219e-03,
             -4.43567671e-07, -5.71118699e-06, 5.44068679e-10,
             -7.52840706e-11, 2.51096878e-07, -7.38375689e-08,
             -4.53954985e-10, 1.51257075e-06, -4.43567671e-07,
             2.42000010e-06, -1.14319949e-18, 6.19612376e-18,
             -2.50738623e-07, -3.99052145e-11, -9.47219633e-07,
             -1.51041070e-06, -2.40032716e-10, -5.71118699e-06,
             -1.14319938e-18, 2.42000010e-06, 2.55221470e-18,
             7.34663033e-08, 9.47156195e-07, 9.03365022e-11,
             4.41329064e-07, 5.71080409e-06, 5.44068679e-10,
             6.19612376e-18, 2.55221470e-18, 2.42000010e-06 ]
      dpdba: !!opencv-matrix
         rows: 3
         cols: 3
         dt: f
         data: [ -1.26249999e-01, 1.71447409e-05, 1.71729971e-05,
