%YAML:1.0
---
cntFrames: 6
G: !!opencv-matrix
   rows: 3
   cols: 1
   dt: f
   data: [ 9.00042355e-02, 9.25301552e+00, 3.25725603e+00 ]
fx: 4.3520468139648438e+02
fy: 4.3520468139648438e+02
cx: 3.6745172119140625e+02
cy: 2.5220085144042969e+02
mbf: 4.7906394958496094e+01
mb: 1.1007785052061081e-01
Tbc: !!opencv-matrix
   rows: 4
   cols: 4
   dt: f
   data: [ 1.48655428e-02, -9.99880910e-01, 4.14029695e-03,
       -2.16401462e-02, 9.99557257e-01, 1.49672134e-02, 2.57155299e-02,
       -6.46769851e-02, -2.57744361e-02, 3.75618832e-03, 9.99660730e-01,
       9.81073081e-03, 0., 0., 0., 1. ]
Ric: !!opencv-matrix
   rows: 3
   cols: 3
   dt: f
   data: [ 1.48655428e-02, -9.99880910e-01, 4.14029695e-03,
       9.99557257e-01, 1.49672134e-02, 2.57155299e-02, -2.57744361e-02,
       3.75618832e-03, 9.99660730e-01 ]
Tic: !!opencv-matrix
   rows: 4
   cols: 1
   dt: f
   data: [ -2.16401462e-02, -6.46769851e-02, 9.81073081e-03, 1. ]
PreintData:
   -
      Id: 498
      Pi: !!opencv-matrix
         rows: 3
         cols: 1
         dt: f
         data: [ 1.09656043e-01, 3.60628277e-01, 2.86350340e-01 ]
      Qi: !!opencv-matrix
         rows: 4
         cols: 1
         dt: f
         data: [ 6.96791828e-01, 1.15143158e-01, -7.27361217e-02,
             -7.04224885e-01 ]
      Vi: !!opencv-matrix
         rows: 3
         cols: 1
         dt: f
         data: [ 1.28118065e-03, 2.33714804e-02, 8.24018475e-03 ]
      Bai: !!opencv-matrix
         rows: 3
         cols: 1
         dt: f
         data: [ -5.08183427e-02, 2.68402368e-01, 3.15629989e-02 ]
      Bgi: !!opencv-matrix
         rows: 3
         cols: 1
         dt: f
         data: [ -3.16208508e-03, 2.13182867e-02, 7.87017643e-02 ]
      DeltaT: 4.5000004768371582e-01
      dPi: !!opencv-matrix
         rows: 3
         cols: 1
         dt: f
         data: [ 9.69618559e-01, -8.13242495e-02, -2.68087596e-01 ]
      dVi: !!opencv-matrix
         rows: 3
         cols: 1
         dt: f
         data: [ 4.26089048e+00, -3.56031835e-01, -1.17697287e+00 ]
      dRi: !!opencv-matrix
         rows: 3
         cols: 3
         dt: f
         data: [ 9.99999881e-01, -3.44315486e-04, -2.62771180e-04,
             3.44333239e-04, 9.99999940e-01, 6.75305346e-05,
             2.62747897e-04, -6.76210111e-05, 9.99999940e-01 ]
      dBai: !!opencv-matrix
         rows: 3
         cols: 1
         dt: f
         data: [ 0., 0., 0. ]
      dBgi: !!opencv-matrix
         rows: 3
         cols: 1
         dt: f
         data: [ 0., 0., 0. ]
      CovPVPhi: !!opencv-matrix
         rows: 9
         cols: 9
         dt: f
         data: [ 9.19140293e-05, 3.25273213e-08, 1.07623741e-07,
             3.06462403e-04, 1.81626589e-07, 6.01066517e-07,
             -5.12363207e-11, -1.89133857e-07, 5.71371253e-08,
             3.25273213e-08, 9.23007901e-05, -8.98821462e-09,
             1.81283554e-07, 3.08622490e-04, -5.00928721e-08,
             1.89300280e-07, -1.11729813e-10, 6.84463203e-07,
             1.07623741e-07, -8.98821462e-09, 9.22737672e-05,
             6.00543103e-07, -5.01439352e-08, 3.08471703e-04,
             -5.73867887e-08, -6.84490431e-07, -3.19998021e-11,
             3.06462403e-04, 1.81283554e-07, 6.00543103e-07,
             1.36232772e-03, 1.07968413e-06, 3.57715999e-06,
             -3.43117451e-10, -1.26604868e-06, 3.81888611e-07,
             1.81626589e-07, 3.08622490e-04, -5.01439352e-08,
             1.07968413e-06, 1.37519627e-03, -2.98043290e-07,
             1.26716418e-06, -7.48290485e-10, 4.58735349e-06,
             6.01066517e-07, -5.00928721e-08, 3.08471703e-04,
             3.57715999e-06, -2.98043290e-07, 1.37429882e-03,
             -3.83561797e-07, -4.58753630e-06, -2.14728027e-10,
             -5.12363207e-11, 1.89300280e-07, -5.73867887e-08,
             -3.43117451e-10, 1.26716418e-06, -3.83561797e-07,
             2.17800039e-06, 4.57838886e-19, 1.92732421e-18,
             -1.89133857e-07, -1.11729813e-10, -6.84490431e-07,
             -1.26604868e-06, -7.48290485e-10, -4.58753630e-06,
             4.57838834e-19, 2.17800039e-06, -3.34024920e-18,
             5.71371253e-08, 6.84463203e-07, -3.19998021e-11,
             3.81888611e-07, 4.58735349e-06, -2.14728027e-10,
             1.92732421e-18, -3.34024920e-18, 2.17800039e-06 ]
      dpdba: !!opencv-matrix
         rows: 3
         cols: 3
         dt: f
         data: [ -1.02375023e-01, 9.44238400e-06, 5.19341029e-06,
             -9.44245312e-06, -1.02375023e-01, 1.52532156e-08,
             -5.19348896e-06, -1.45635974e-08, -1.02375023e-01 ]
      dpdbg: !!opencv-matrix
         rows: 3
         cols: 3
         dt: f
         data: [ -2.53885257e-04, 3.97338718e-02, -1.20070400e-02,
             -3.97399738e-02, -2.53138569e-04, -1.43813789e-01,
             1.20163802e-02, 1.43814713e-01, -2.56211701e-04 ]
      dqdbg: !!opencv-matrix
         rows: 3
         cols: 3
         dt: f
         data: [ -4.50000018e-01, -8.77760613e-05, -8.12430444e-05,
             8.77703860e-05, -4.50000048e-01, 2.60343222e-05,
             8.12488579e-05, -2.60156412e-05, -4.50000048e-01 ]
      dvdba: !!opencv-matrix
         rows: 3
         cols: 3
         dt: f
         data: [ -4.50000048e-01, 6.71727976e-05, 3.69950139e-05,
             -6.71741436e-05, -4.50000048e-01, -4.38235202e-06,
             -3.69936242e-05, 4.39070800e-06, -4.50000048e-01 ]
      dvdbg: !!opencv-matrix
         rows: 3
         cols: 3
         dt: f
         data: [ 2.02055253e-05, 2.64494509e-01, -7.97821879e-02,
             -2.64542818e-01, 2.39800629e-05, -9.58420515e-01,
             7.98699111e-02, 9.58426535e-01, -4.24990958e-06 ]
   -
      Id: 103
      Pi: !!opencv-matrix
         rows: 3
         cols: 1
         dt: f
         data: [ 1.09614141e-01, 3.60631704e-01, 2.86266327e-01 ]
      Qi: !!opencv-matrix
         rows: 4
         cols: 1
         dt: f
         data: [ 6.96774006e-01, 1.15108460e-01, -7.27046356e-02,
             -7.04251409e-01 ]
      Vi: !!opencv-matrix
         rows: 3
         cols: 1
         dt: f
         data: [ 6.44581043e-04, 2.47518942e-02, 1.05944602e-02 ]
      Bai: !!opencv-matrix
         rows: 3
         cols: 1
         dt: f
         data: [ -5.14260232e-02, 2.68747985e-01, 3.22419740e-02 ]
      Bgi: !!opencv-matrix
         rows: 3
         cols: 1
         dt: f
         data: [ -3.16209486e-03, 2.13184208e-02, 7.87016079e-02 ]
      DeltaT: 5.0000000000000000e-01
      dPi: !!opencv-matrix
         rows: 3
         cols: 1
         dt: f
         data: [ 1.19581640e+00, -1.00029126e-01, -3.30001354e-01 ]
      dVi: !!opencv-matrix
         rows: 3
         cols: 1
         dt: f
         data: [ 4.73539352e+00, -3.95778805e-01, -1.30603421e+00 ]
      dRi: !!opencv-matrix
         rows: 3
         cols: 3
         dt: f
         data: [ 9.99999821e-01, -4.42801276e-04, -4.40318574e-04,
             4.42785211e-04, 9.99999881e-01, -3.65697633e-05,
             4.40334727e-04, 3.63747895e-05, 9.99999881e-01 ]
      dBai: !!opencv-matrix
         rows: 3
         cols: 1
         dt: f
         data: [ 6.07681053e-04, -3.45620094e-04, -6.78974262e-04 ]
      dBgi: !!opencv-matrix
         rows: 3
         cols: 1
         dt: f
         data: [ 9.83769244e-09, -1.33720945e-07, 1.57438976e-07 ]
      CovPVPhi: !!opencv-matrix
         rows: 9
         cols: 9
         dt: f
         data: [ 1.26093539e-04, 5.53589032e-08, 1.82623680e-07,
             3.78401193e-04, 2.78028864e-07, 9.17435500e-07,
             -8.09954812e-11, -2.59595083e-07, 7.86647121e-08,
             5.53589032e-08, 1.26750761e-04, -1.52751731e-08,
             2.77840911e-07, 3.81702877e-04, -7.66641151e-08,
             2.60004157e-07, -7.90810264e-11, 9.40773305e-07,
             1.82623680e-07, -1.52751731e-08, 1.26704996e-04,
             9.16747524e-07, -7.66584662e-08, 3.81473161e-04,
             -7.90713557e-08, -9.40850498e-07, 6.99942673e-11,
             3.78401193e-04, 2.77840911e-07, 9.16747524e-07,
