%YAML:1.0
---
G: !!opencv-matrix
   rows: 3
   cols: 1
   dt: f
   data: [ 2.33758986e-02, 9.26694775e+00, 3.21857786e+00 ]
NavState:
   -
      FrameId: 498
      Pi: !!opencv-matrix
         rows: 3
         cols: 1
         dt: f
         data: [ 1.09683394e-01, 3.62280667e-01, 2.86611021e-01 ]
      Qi: !!opencv-matrix
         rows: 4
         cols: 1
         dt: f
         data: [ 6.96796715e-01, 1.15474097e-01, -7.28111416e-02,
             -7.04158127e-01 ]
      Vi: !!opencv-matrix
         rows: 3
         cols: 1
         dt: f
         data: [ 4.43052442e-04, 2.23113280e-02, 6.68430654e-03 ]
      Bai: !!opencv-matrix
         rows: 3
         cols: 1
         dt: f
         data: [ -7.58147165e-02, 2.02566341e-01, -1.52722234e-03 ]
      Bgi: !!opencv-matrix
         rows: 3
         cols: 1
         dt: f
         data: [ -3.15532088e-03, 2.11417694e-02, 7.87554458e-02 ]
   -
      FrameId: 104
      Pi: !!opencv-matrix
         rows: 3
         cols: 1
         dt: f
         data: [ 1.09700903e-01, 3.62365097e-01, 2.86691636e-01 ]
      Qi: !!opencv-matrix
         rows: 4
         cols: 1
         dt: f
         data: [ 6.96796715e-01, 1.15474097e-01, -7.28111416e-02,
             -7.04158127e-01 ]
      Vi: !!opencv-matrix
         rows: 3
         cols: 1
         dt: f
         data: [ -2.59988033e-03, 1.80969648e-02, 3.04262550e-03 ]
      Bai: !!opencv-matrix
         rows: 3
         cols: 1
         dt: f
         data: [ -7.58147165e-02, 2.02566341e-01, -1.52722234e-03 ]
      Bgi: !!opencv-matrix
         rows: 3
         cols: 1
         dt: f
         data: [ -3.15532088e-03, 2.11417694e-02, 7.87554458e-02 ]
PreintMeasures:
   Id: 498
   Pi: !!opencv-matrix
      rows: 3
      cols: 1
      dt: f
      data: [ 1.09683394e-01, 3.62280667e-01, 2.86611021e-01 ]
   Qi: !!opencv-matrix
      rows: 4
      cols: 1
      dt: f
      data: [ 6.96796715e-01, 1.15474097e-01, -7.28111416e-02,
          -7.04158127e-01 ]
   Vi: !!opencv-matrix
      rows: 3
      cols: 1
      dt: f
      data: [ 4.43052442e-04, 2.23113280e-02, 6.68430654e-03 ]
   Bai: !!opencv-matrix
      rows: 3
      cols: 1
      dt: f
      data: [ -7.58147165e-02, 2.02566341e-01, -1.52722234e-03 ]
   Bgi: !!opencv-matrix
      rows: 3
      cols: 1
      dt: f
      data: [ -3.15532088e-03, 2.11417694e-02, 7.87554458e-02 ]
   DeltaT: 4.9999952316284180e-02
   dPi: !!opencv-matrix
      rows: 3
      cols: 1
      dt: f
      data: [ 1.30694984e-02, -9.76127107e-04, -3.55784921e-03 ]
   dVi: !!opencv-matrix
      rows: 3
      cols: 1
      dt: f
      data: [ 4.74552274e-01, -3.53821777e-02, -1.29062742e-01 ]
   dRi: !!opencv-matrix
      rows: 3
      cols: 3
      dt: f
      data: [ 1., -3.28537571e-05, -2.90895514e-05, 3.28543465e-05, 1.,
          2.02602605e-05, 2.90888856e-05, -2.02612173e-05, 1. ]
   dBai: !!opencv-matrix
      rows: 3
      cols: 1
      dt: f
      data: [ 0., 0., 0. ]
   dBgi: !!opencv-matrix
      rows: 3
      cols: 1
      dt: f
      data: [ 0., 0., 0. ]
   CovPVPhi: !!opencv-matrix
      rows: 9
      cols: 9
      dt: f
      data: [ 1.25726046e-07, 3.84634300e-13, 1.42010210e-12,
          3.78125196e-06, 2.02881080e-11, 7.49551116e-11,
          -8.37472740e-15, -2.22350013e-10, 6.02108363e-11,
          3.84634300e-13, 1.25731233e-07, -1.04635620e-13,
          2.04352750e-11, 3.78152617e-06, -5.55754531e-12,
          2.22371357e-10, -2.37357165e-14, 8.17918400e-10,
          1.42010210e-12, -1.04635620e-13, 1.25730878e-07,
          7.48710260e-11, -5.51135309e-12, 3.78150730e-06,
          -6.02514288e-11, -8.17921786e-10, -1.20669245e-14,
          3.78125196e-06, 2.04352750e-11, 7.48710260e-11, 1.51250948e-04,
          1.15098986e-09, 4.21208579e-09, -5.26764288e-13,
          -1.40188696e-08, 3.84196275e-09, 2.02881080e-11,
          3.78152617e-06, -5.51135309e-12, 1.15098986e-09,
          1.51266358e-04, -3.12591869e-10, 1.40202179e-08,
          -1.49760456e-12, 5.16342382e-08, 7.49551116e-11,
          -5.55754531e-12, 3.78150730e-06, 4.21208579e-09,
          -3.12591869e-10, 1.51265311e-04, -3.84452514e-09,
          -5.16344478e-08, -7.60651904e-13, -8.37472740e-15,
          2.22371357e-10, -6.02514288e-11, -5.26764288e-13,
          1.40202179e-08, -3.84452514e-09, 2.41999544e-07,
          1.54646343e-20, -5.44241571e-19, -2.22350013e-10,
          -2.37357165e-14, -8.17921786e-10, -1.40188696e-08,
          -1.49760456e-12, -5.16344478e-08, 1.54646359e-20,
          2.41999544e-07, 3.19610672e-19, 6.02108363e-11, 8.17918400e-10,
          -1.20669245e-14, 3.84196275e-09, 5.16342382e-08,
          -7.60651904e-13, -5.44241571e-19, 3.19610672e-19,
          2.41999544e-07 ]
   dpdba: !!opencv-matrix
      rows: 3
      cols: 3
      dt: f
      data: [ -1.37499743e-03, 5.83257425e-08, -3.42100126e-09,
          -5.83257425e-08, -1.37499743e-03, -1.44103982e-08,
          3.42183837e-09, 1.44101016e-08, -1.37499743e-03 ]
   dpdbg: !!opencv-matrix
      rows: 3
      cols: 3
      dt: f
      data: [ -3.43534407e-06, 5.37242231e-05, -1.45732292e-05,
          -5.37234482e-05, -3.43436318e-06, -1.97665344e-04,
          1.45812546e-05, 1.97664587e-04, -3.43641818e-06 ]
   dqdbg: !!opencv-matrix
      rows: 3
      cols: 3
      dt: f
      data: [ -4.99999523e-02, 4.84702241e-07, -1.35268078e-06,
          -4.84710938e-07, -4.99999523e-02, 1.86567988e-07,
          1.35268431e-06, -1.86587670e-07, -4.99999523e-02 ]
   dvdba: !!opencv-matrix
      rows: 3
      cols: 3
      dt: f
      data: [ -4.99999523e-02, 2.12739496e-06, 1.01791080e-07,
          -2.12740042e-06, -4.99999523e-02, -8.26487337e-07,
          -1.01750437e-07, 8.26485120e-07, -4.99999523e-02 ]
   dvdbg: !!opencv-matrix
      rows: 3
      cols: 3
      dt: f
      data: [ 1.39378798e-07, 3.21797910e-03, -8.81392218e-04,
          -3.21793696e-03, 2.55085780e-07, -1.18444739e-02,
          8.81928776e-04, 1.18444273e-02, 1.20437676e-07 ]
