%YAML:1.0
---
cntFrames: 6
G: !!opencv-matrix
   rows: 3
   cols: 1
   dt: f
   data: [ -5.75561345e-01, 9.08304977e+00, 3.66101575e+00 ]
fx: 4.3520468139648438e+02
fy: 4.3520468139648438e+02
cx: 3.6745172119140625e+02
cy: 2.5220085144042969e+02
mbf: 4.7906394958496094e+01
mb: 1.1007785052061081e-01
Tbc: !!opencv-matrix
   rows: 4
   cols: 4
   dt: f
   data: [ 1.48655428e-02, -9.99880910e-01, 4.14029695e-03,
       -2.16401462e-02, 9.99557257e-01, 1.49672134e-02, 2.57155299e-02,
       -6.46769851e-02, -2.57744361e-02, 3.75618832e-03, 9.99660730e-01,
       9.81073081e-03, 0., 0., 0., 1. ]
Ric: !!opencv-matrix
   rows: 3
   cols: 3
   dt: f
   data: [ 1.48655428e-02, -9.99880910e-01, 4.14029695e-03,
       9.99557257e-01, 1.49672134e-02, 2.57155299e-02, -2.57744361e-02,
       3.75618832e-03, 9.99660730e-01 ]
Tic: !!opencv-matrix
   rows: 4
   cols: 1
   dt: f
   data: [ -2.16401462e-02, -6.46769851e-02, 9.81073081e-03, 1. ]
PreintData:
   -
      Id: 419
      Pi: !!opencv-matrix
         rows: 3
         cols: 1
         dt: f
         data: [ 1.02451360e+00, -7.03000605e-01, 3.06494087e-01 ]
      Qi: !!opencv-matrix
         rows: 4
         cols: 1
         dt: f
         data: [ 6.97433352e-01, 9.32331309e-02, 4.45056614e-03,
             -7.10545182e-01 ]
      Vi: !!opencv-matrix
         rows: 3
         cols: 1
         dt: f
         data: [ -7.62156188e-01, 7.96305612e-02, 2.61938035e-01 ]
      Bai: !!opencv-matrix
         rows: 3
         cols: 1
         dt: f
         data: [ -2.26817038e-02, 1.10433795e-01, 7.87631571e-02 ]
      Bgi: !!opencv-matrix
         rows: 3
         cols: 1
         dt: f
         data: [ -2.14232341e-03, 2.03911252e-02, 7.59174973e-02 ]
      DeltaT: 4.9999952316284180e-02
      dPi: !!opencv-matrix
         rows: 3
         cols: 1
         dt: f
         data: [ 1.31280543e-02, 1.68735889e-04, -4.66317963e-03 ]
      dVi: !!opencv-matrix
         rows: 3
         cols: 1
         dt: f
         data: [ 4.93578494e-01, 1.96422552e-04, -1.75054371e-01 ]
      dRi: !!opencv-matrix
         rows: 3
         cols: 3
         dt: f
         data: [ 9.99943852e-01, 1.01405419e-02, 3.06966971e-03,
             -1.00112725e-02, 9.99167621e-01, -3.95452939e-02,
             -3.46812536e-03, 3.95123437e-02, 9.99213040e-01 ]
      dBai: !!opencv-matrix
         rows: 3
         cols: 1
         dt: f
         data: [ 0., 0., 0. ]
      dBgi: !!opencv-matrix
         rows: 3
         cols: 1
         dt: f
         data: [ 0., 0., 0. ]
      CovPVPhi: !!opencv-matrix
         rows: 15
         cols: 15
         dt: f
         data: [ 1.25726856e-07, -9.17513119e-15, 1.91041085e-12,
             3.78127811e-06, -2.19098319e-14, 1.04714681e-10,
             3.03347083e-12, -2.98258584e-10, 1.31199921e-11, 0., 0., 0.,
             0., 0., 0., -9.17513119e-15, 1.25732214e-07, 3.06339863e-15,
             1.72860912e-12, 3.78157233e-06, -6.21624388e-13,
             2.95756447e-10, 3.61277119e-11, 8.38814795e-10, 0., 0., 0.,
             0., 0., 0., 1.91041085e-12, 3.06339863e-15, 1.25731546e-07,
             1.04462862e-10, 3.60905153e-15, 3.78153504e-06,
             7.18917287e-12, -8.37917513e-10, 3.30759066e-11, 0., 0., 0.,
             0., 0., 0., 3.78127811e-06, 1.72860912e-12, 1.04462862e-10,
             1.51251879e-04, 1.19872223e-10, 6.09372197e-09,
             1.96101857e-10, -1.93895726e-08, 1.23047827e-09, 0., 0., 0.,
             0., 0., 0., -2.19098336e-14, 3.78157233e-06, 3.60905153e-15,
             1.19872223e-10, 1.51269036e-04, -4.26803037e-11,
             1.92410425e-08, 2.35769093e-09, 5.47564376e-08, 0., 0., 0.,
             0., 0., 0., 1.04714681e-10, -6.21624388e-13, 3.78153504e-06,
             6.09372197e-09, -4.26803037e-11, 1.51266868e-04,
             9.24169699e-11, -5.47019390e-08, 2.15804774e-09, 0., 0., 0.,
             0., 0., 0., 3.03347083e-12, 2.95756447e-10, 7.18917287e-12,
             1.96101857e-10, 1.92410425e-08, 9.24169699e-11,
             2.41999516e-07, 2.48878050e-14, -8.12477323e-14, 0., 0., 0.,
             0., 0., 0., -2.98258584e-10, 3.61277119e-11,
             -8.37917513e-10, -1.93895726e-08, 2.35769093e-09,
             -5.47019390e-08, 2.48878050e-14, 2.41999203e-07,
             -7.34299045e-15, 0., 0., 0., 0., 0., 0., 1.31199921e-11,
             8.38814795e-10, 3.30759066e-11, 1.23047827e-09,
             5.47564376e-08, 2.15804774e-09, -8.12477323e-14,
             -7.34299045e-15, 2.41999231e-07, 0., 0., 0., 0., 0., 0., 0.,
             0., 0., 0., 0., 0., 0., 0., 0., 1.24999883e-06, 0., 0., 0.,
             0., 0., 0., 0., 0., 0., 0., 0., 0., 0., 0., 0.,
             1.24999883e-06, 0., 0., 0., 0., 0., 0., 0., 0., 0., 0., 0.,
             0., 0., 0., 0., 1.24999883e-06, 0., 0., 0., 0., 0., 0., 0.,
             0., 0., 0., 0., 0., 0., 0., 0., 1.99999808e-11, 0., 0., 0.,
             0., 0., 0., 0., 0., 0., 0., 0., 0., 0., 0., 0.,
             1.99999808e-11, 0., 0., 0., 0., 0., 0., 0., 0., 0., 0., 0.,
             0., 0., 0., 0., 1.99999808e-11 ]
      dpdba: !!opencv-matrix
         rows: 3
         cols: 3
         dt: f
         data: [ -1.37498032e-03, -5.67954885e-06, -1.52922314e-06,
             5.64977836e-06, -1.37479685e-03, 1.83841148e-05,
             1.63653715e-06, -1.83752836e-05, -1.37481152e-03 ]
      dpdbg: !!opencv-matrix
         rows: 3
         cols: 3
         dt: f
         data: [ -3.66959830e-06, 7.17883304e-05, -1.00831505e-06,
             -7.16180075e-05, -5.66983817e-06, -2.01884584e-04,
             -3.58478758e-07, 2.01823786e-04, -5.43471560e-06 ]
      dqdbg: !!opencv-matrix
         rows: 3
         cols: 3
         dt: f
         data: [ -4.99991737e-02, 2.24087635e-04, 8.86758135e-05,
             -2.26241289e-04, -4.99860086e-02, -1.00122299e-03,
             -8.26442702e-05, 1.00171473e-03, -4.99866083e-02 ]
      dvdba: !!opencv-matrix
         rows: 3
         cols: 3
         dt: f
         data: [ -4.99989130e-02, -2.79730855e-04, -7.49217215e-05,
             2.77766172e-04, -4.99862581e-02, 9.75459989e-04,
             8.18819899e-05, -9.74917086e-04, -4.99871410e-02 ]
      dvdbg: !!opencv-matrix
         rows: 3
         cols: 3
         dt: f
         data: [ -1.82690001e-05, 4.52062022e-03, -2.22832168e-04,
             -4.50906111e-03, -1.88528007e-04, -1.27887288e-02,
             1.10389912e-04, 1.27844838e-02, -1.69721898e-04 ]
   -
      Id: 98
      Pi: !!opencv-matrix
         rows: 3
         cols: 1
         dt: f
         data: [ 1.06210661e+00, -7.06414938e-01, 2.92480469e-01 ]
      Qi: !!opencv-matrix
         rows: 4
         cols: 1
         dt: f
         data: [ 7.02709794e-01, 7.84233958e-02, 1.70913003e-02,
             -7.06934631e-01 ]
      Vi: !!opencv-matrix
         rows: 3
         cols: 1
         dt: f
         data: [ -7.45364368e-01, 7.30419457e-02, 3.33069950e-01 ]
      Bai: !!opencv-matrix
         rows: 3
         cols: 1
         dt: f
         data: [ -2.26817038e-02, 1.10433795e-01, 7.87631571e-02 ]
      Bgi: !!opencv-matrix
         rows: 3
         cols: 1
         dt: f
         data: [ -2.14232341e-03, 2.03911252e-02, 7.59174973e-02 ]
      DeltaT: 4.5000004768371582e-01
      dPi: !!opencv-matrix
         rows: 3
         cols: 1
         dt: f
         data: [ 9.56695974e-01, 3.26541625e-02, -3.54959488e-01 ]
      dVi: !!opencv-matrix
         rows: 3
         cols: 1
         dt: f
         data: [ 4.20177841e+00, 1.55661196e-01, -1.58362150e+00 ]
      dRi: !!opencv-matrix
         rows: 3
         cols: 3
         dt: f
         data: [ 9.90498006e-01, 1.37187108e-01, 9.66462772e-03,
             -1.19834498e-01, 8.95419121e-01, -4.28793937e-01,
             -6.74788952e-02, 4.23561394e-01, 9.03350651e-01 ]
      dBai: !!opencv-matrix
         rows: 3
         cols: 1
         dt: f
         data: [ 0., 0., 0. ]
      dBgi: !!opencv-matrix
         rows: 3
         cols: 1
         dt: f
         data: [ 0., 0., 0. ]
      CovPVPhi: !!opencv-matrix
         rows: 15
         cols: 15
         dt: f
         data: [ 9.19352169e-05, -1.33055504e-08, 1.42864522e-07,
             3.06586327e-04, -7.53416032e-08, 7.96530287e-07,
             3.21938671e-08, -2.38156559e-07, 8.70445973e-08, 0., 0., 0.,
             0., 0., 0., -1.33055504e-08, 9.23186599e-05, 4.95461094e-09,
             -8.21377242e-08, 3.08719260e-04, 3.06521883e-08,
             2.06335045e-07, 3.23415861e-07, 6.15859619e-07, 0., 0., 0.,
             0., 0., 0., 1.42864522e-07, 4.95461094e-09, 9.22659601e-05,
             8.09892242e-07, 2.85937638e-08, 3.08420102e-04,
             1.06009274e-07, -6.04726495e-07, 2.92249609e-07, 0., 0., 0.,
             0., 0., 0., 3.06586327e-04, -8.21377242e-08, 8.09892242e-07,
             1.36310118e-03, -4.95124311e-07, 4.81444204e-06,
             2.19958750e-07, -1.62619210e-06, 5.80190601e-07, 0., 0., 0.,
             0., 0., 0., -7.53416032e-08, 3.08719260e-04, 2.85937638e-08,
             -4.95124311e-07, 1.37574028e-03, 1.88466515e-07,
             1.41043495e-06, 2.15985119e-06, 4.10379198e-06, 0., 0., 0.,
             0., 0., 0., 7.96530287e-07, 3.06521883e-08, 3.08420102e-04,
             4.81444204e-06, 1.88466515e-07, 1.37392827e-03,
             7.23061078e-07, -4.02696560e-06, 1.94740915e-06, 0., 0., 0.,
             0., 0., 0., 3.21938671e-08, 2.06335045e-07, 1.06009274e-07,
             2.19958750e-07, 1.41043495e-06, 7.23061078e-07,
             2.17799993e-06, 3.53749636e-13, -1.27014122e-12, 0., 0., 0.,
             0., 0., 0., -2.38156559e-07, 3.23415861e-07,
             -6.04726495e-07, -1.62619210e-06, 2.15985119e-06,
             -4.02696560e-06, 3.53749636e-13, 2.17799561e-06,
             -1.29696614e-13, 0., 0., 0., 0., 0., 0., 8.70445973e-08,
             6.15859619e-07, 2.92249609e-07, 5.80190601e-07,
             4.10379198e-06, 1.94740915e-06, -1.27014122e-12,
             -1.29696614e-13, 2.17799584e-06, 0., 0., 0., 0., 0., 0., 0.,
             0., 0., 0., 0., 0., 0., 0., 0., 1.12500011e-05, 0., 0., 0.,
             0., 0., 0., 0., 0., 0., 0., 0., 0., 0., 0., 0.,
             1.12500011e-05, 0., 0., 0., 0., 0., 0., 0., 0., 0., 0., 0.,
             0., 0., 0., 0., 1.12500011e-05, 0., 0., 0., 0., 0., 0., 0.,
             0., 0., 0., 0., 0., 0., 0., 0., 1.80000015e-10, 0., 0., 0.,
             0., 0., 0., 0., 0., 0., 0., 0., 0., 0., 0., 0.,
             1.80000015e-10, 0., 0., 0., 0., 0., 0., 0., 0., 0., 0., 0.,
             0., 0., 0., 0., 1.80000015e-10 ]
      dpdba: !!opencv-matrix
         rows: 3
         cols: 3
         dt: f
         data: [ -1.02185957e-01, -5.09807235e-03, 6.62886945e-04,
             5.04677324e-03, -1.00190930e-01, 1.67811662e-02,
             5.53065853e-04, -1.67657360e-02, -1.00371771e-01 ]
      dpdbg: !!opencv-matrix
         rows: 3
         cols: 3
         dt: f
         data: [ -2.31149071e-03, 5.34214042e-02, -1.65924290e-03,
             -5.32257855e-02, -2.02009436e-02, -1.40565187e-01,
             -1.05870264e-02, 1.40533939e-01, -1.81225985e-02 ]
      dqdbg: !!opencv-matrix
         rows: 3
         cols: 3
         dt: f
         data: [ -4.48452830e-01, 2.66468413e-02, 1.85479317e-02,
             -3.03057488e-02, -4.36014831e-01, -8.91238376e-02,
             -1.05509311e-02, 9.02824476e-02, -4.36981559e-01 ]
      dvdba: !!opencv-matrix
         rows: 3
         cols: 3
         dt: f
         data: [ -4.48451161e-01, -3.25492732e-02, 1.92174409e-03,
             3.11277881e-02, -4.32321787e-01, 1.05349228e-01,
             7.89358281e-03, -1.04920492e-01, -4.33748573e-01 ]
      dvdbg: !!opencv-matrix
         rows: 3
         cols: 3
         dt: f
         data: [ -1.80641115e-02, 3.60004127e-01, -2.25566830e-02,
             -3.55803609e-01, -1.71538338e-01, -9.24162328e-01,
             -8.36956054e-02, 9.22941208e-01, -1.53393447e-01 ]
   -
      Id: 97
      Pi: !!opencv-matrix
         rows: 3
         cols: 1
         dt: f
         data: [ 1.37801349e+00, -7.10415184e-01, 6.75121695e-02 ]
      Qi: !!opencv-matrix
         rows: 4
         cols: 1
         dt: f
         data: [ 7.48008668e-01, -8.96885544e-02, 1.52933776e-01,
             -6.39570355e-01 ]
      Vi: !!opencv-matrix
         rows: 3
         cols: 1
         dt: f
         data: [ -6.64502025e-01, -6.16872637e-03, 6.48399949e-01 ]
      Bai: !!opencv-matrix
         rows: 3
         cols: 1
         dt: f
         data: [ -2.38432772e-02, 8.08458030e-02, 8.09827372e-02 ]
      Bgi: !!opencv-matrix
         rows: 3
         cols: 1
         dt: f
         data: [ -2.14354135e-03, 2.03847364e-02, 7.59263858e-02 ]
      DeltaT: 3.4999990463256836e-01
      dPi: !!opencv-matrix
         rows: 3
         cols: 1
         dt: f
         data: [ 5.60289204e-01, 1.40009243e-02, -2.22622186e-01 ]
      dVi: !!opencv-matrix
         rows: 3
         cols: 1
         dt: f
         data: [ 3.11734796e+00, 1.46312878e-01, -1.29979813e+00 ]
      dRi: !!opencv-matrix
         rows: 3
         cols: 3
         dt: f
         data: [ 9.94470954e-01, 9.26420465e-02, 4.94463518e-02,
             -6.48810640e-02, 9.12293315e-01, -4.04365361e-01,
             -8.25708136e-02, 3.98921460e-01, 9.13259923e-01 ]
      dBai: !!opencv-matrix
         rows: 3
         cols: 1
         dt: f
         data: [ 1.16157322e-03, 2.95879971e-02, -2.21957965e-03 ]
      dBgi: !!opencv-matrix
         rows: 3
         cols: 1
         dt: f
         data: [ 1.21807420e-06, 6.38814117e-06, -8.89113289e-06 ]
      CovPVPhi: !!opencv-matrix
         rows: 15
         cols: 15
         dt: f
         data: [ 4.32467423e-05, -4.03305700e-09, 4.03761895e-08,
             1.85405734e-04, -3.07678860e-08, 2.87476496e-07,
             9.31460509e-09, -1.20358479e-07, 3.71622875e-08, 0., 0., 0.,
             0., 0., 0., -4.03305700e-09, 4.33452042e-05, 1.66506731e-09,
             -4.24498943e-08, 1.86101883e-04, 1.75750241e-08,
             9.97550629e-08, 1.31859963e-07, 2.82043089e-07, 0., 0., 0.,
             0., 0., 0., 4.03761895e-08, 1.66506731e-09, 4.33288515e-05,
             2.97728178e-07, 1.32222251e-08, 1.85981204e-04,
             3.41654918e-08, -2.74148306e-07, 1.22655194e-07, 0., 0., 0.,
             0., 0., 0., 1.85405734e-04, -4.24498943e-08, 2.97728178e-07,
             1.05974323e-03, -3.37854942e-07, 2.26120596e-06,
             8.66599876e-08, -1.08817449e-06, 2.87201004e-07, 0., 0., 0.,
             0., 0., 0., -3.07678860e-08, 1.86101883e-04, 1.32222251e-08,
             -3.37854942e-07, 1.06498855e-03, 1.45763153e-07,
             8.95841083e-07, 1.12597081e-06, 2.40137410e-06, 0., 0., 0.,
             0., 0., 0., 2.87476496e-07, 1.75750241e-08, 1.85981204e-04,
             2.26120596e-06, 1.45763153e-07, 1.06403988e-03,
             3.42990347e-07, -2.32698449e-06, 1.04590606e-06, 0., 0., 0.,
             0., 0., 0., 9.31460509e-09, 9.97550629e-08, 3.41654918e-08,
             8.66599876e-08, 8.95841083e-07, 3.42990347e-07,
             1.69399868e-06, 8.37912422e-13, -9.92371658e-13, 0., 0., 0.,
             0., 0., 0., -1.20358479e-07, 1.31859963e-07,
             -2.74148306e-07, -1.08817449e-06, 1.12597081e-06,
             -2.32698449e-06, 8.37912422e-13, 1.69399391e-06,
             -1.50409158e-13, 0., 0., 0., 0., 0., 0., 3.71622875e-08,
             2.82043089e-07, 1.22655194e-07, 2.87201004e-07,
             2.40137410e-06, 1.04590606e-06, -9.92371658e-13,
             -1.50409158e-13, 1.69399391e-06, 0., 0., 0., 0., 0., 0., 0.,
             0., 0., 0., 0., 0., 0., 0., 0., 8.74999751e-06, 0., 0., 0.,
             0., 0., 0., 0., 0., 0., 0., 0., 0., 0., 0., 0.,
             8.74999751e-06, 0., 0., 0., 0., 0., 0., 0., 0., 0., 0., 0.,
             0., 0., 0., 0., 8.74999751e-06, 0., 0., 0., 0., 0., 0., 0.,
             0., 0., 0., 0., 0., 0., 0., 0., 1.39999956e-10, 0., 0., 0.,
             0., 0., 0., 0., 0., 0., 0., 0., 0., 0., 0., 0.,
             1.39999956e-10, 0., 0., 0., 0., 0., 0., 0., 0., 0., 0., 0.,
             0., 0., 0., 0., 1.39999956e-10 ]
      dpdba: !!opencv-matrix
         rows: 3
         cols: 3
         dt: f
         data: [ -6.20728806e-02, -1.56130083e-03, -1.28116168e-03,
             1.25167356e-03, -6.12693764e-02, 8.12886562e-03,
             1.55601557e-03, -8.07827711e-03, -6.12633117e-02 ]
      dpdbg: !!opencv-matrix
         rows: 3
         cols: 3
         dt: f
         data: [ -6.58751931e-04, 2.66827606e-02, 5.40514302e-04,
             -2.54342780e-02, -6.66110544e-03, -6.35344163e-02,
             -4.17143200e-03, 6.30731434e-02, -6.24456629e-03 ]
      dqdbg: !!opencv-matrix
         rows: 3
         cols: 3
         dt: f
         data: [ -3.49287659e-01, 1.41330641e-02, 1.26929767e-02,
             -1.74183883e-02, -3.39092642e-01, -7.32609183e-02,
             -8.39497708e-03, 7.39240721e-02, -3.39272290e-01 ]
      dvdba: !!opencv-matrix
         rows: 3
         cols: 3
         dt: f
         data: [ -3.49385202e-01, -1.37043046e-02, -1.09401383e-02,
             1.01663591e-02, -3.40161264e-01, 6.95308894e-02,
             1.42257623e-02, -6.89263269e-02, -3.40117246e-01 ]
      dvdbg: !!opencv-matrix
         rows: 3
         cols: 3
         dt: f
         data: [ -5.86316688e-03, 2.37592861e-01, 5.46543580e-03,
             -2.21947238e-01, -7.50306770e-02, -5.36286056e-01,
             -4.79116440e-02, 5.30377090e-01, -7.03690201e-02 ]
   -
      Id: 96
      Pi: !!opencv-matrix
         rows: 3
         cols: 1
         dt: f
         data: [ 1.57410443e+00, -6.77704036e-01, -1.73571378e-01 ]
      Qi: !!opencv-matrix
         rows: 4
         cols: 1
         dt: f
         data: [ 7.43389845e-01, -2.56779224e-01, 2.59517729e-01,
             -5.60434222e-01 ]
      Vi: !!opencv-matrix
         rows: 3
         cols: 1
         dt: f
         data: [ -4.44987476e-01, -8.01319927e-02, 6.84912324e-01 ]
      Bai: !!opencv-matrix
         rows: 3
         cols: 1
         dt: f
         data: [ -2.30660252e-02, 8.02512541e-02, 8.19556862e-02 ]
      Bgi: !!opencv-matrix
         rows: 3
         cols: 1
         dt: f
         data: [ -2.14346801e-03, 2.03846805e-02, 7.59265274e-02 ]
      DeltaT: 4.0000009536743164e-01
      dPi: !!opencv-matrix
         rows: 3
         cols: 1
         dt: f
         data: [ 7.17708647e-01, -1.52785024e-02, -2.65329987e-01 ]
      dVi: !!opencv-matrix
         rows: 3
         cols: 1
         dt: f
         data: [ 3.55624723e+00, -9.52973068e-02, -1.33463717e+00 ]
      dRi: !!opencv-matrix
         rows: 3
         cols: 3
         dt: f
         data: [ 9.90610301e-01, 1.36714682e-01, -5.47404517e-04,
             -1.30476758e-01, 9.44200456e-01, -3.02425683e-01,
             -4.08291742e-02, 2.99657434e-01, 9.53172803e-01 ]
      dBai: !!opencv-matrix
         rows: 3
         cols: 1
         dt: f
         data: [ 3.84325889e-04, 3.01825441e-02, -3.19251744e-03 ]
      dBgi: !!opencv-matrix
         rows: 3
         cols: 1
         dt: f
         data: [ 1.14470731e-06, 6.44417469e-06, -9.03234923e-06 ]
      CovPVPhi: !!opencv-matrix
         rows: 15
         cols: 15
         dt: f
         data: [ 6.45574546e-05, 5.61665869e-09, 7.07866121e-08,
             2.42171140e-04, 3.66081920e-08, 4.48676417e-07,
             2.15661480e-08, -1.55847047e-07, 6.47652314e-08, 0., 0., 0.,
             0., 0., 0., 5.61665869e-09, 6.47470224e-05, -2.09916995e-09,
             3.85666006e-08, 2.43368966e-04, -1.44454679e-08,
             1.49745020e-07, 1.58072126e-07, 4.29896403e-07, 0., 0., 0.,
             0., 0., 0., 7.07866121e-08, -2.09916995e-09, 6.47207780e-05,
             4.53713824e-07, -1.38712535e-08, 2.43200353e-04,
             4.47759483e-08, -4.27952614e-07, 1.36133167e-07, 0., 0., 0.,
             0., 0., 0., 2.42171140e-04, 3.85666006e-08, 4.53713824e-07,
             1.21117220e-03, 2.63787626e-07, 3.06539960e-06,
             1.65294793e-07, -1.19447338e-06, 4.99874034e-07, 0., 0., 0.,
             0., 0., 0., 3.66081920e-08, 2.43368966e-04, -1.38712535e-08,
             2.63787626e-07, 1.21924444e-03, -1.00128524e-07,
             1.15033367e-06, 1.19992262e-06, 3.25744031e-06, 0., 0., 0.,
             0., 0., 0., 4.48676417e-07, -1.44454679e-08, 2.43200353e-04,
             3.06539960e-06, -1.00128524e-07, 1.21809018e-03,
             3.34756066e-07, -3.24335087e-06, 1.03152661e-06, 0., 0., 0.,
             0., 0., 0., 2.15661480e-08, 1.49745020e-07, 4.47759483e-08,
             1.65294793e-07, 1.15033367e-06, 3.34756066e-07,
             1.93600044e-06, 1.42130109e-13, -1.00867361e-12, 0., 0., 0.,
             0., 0., 0., -1.55847047e-07, 1.58072126e-07,
             -4.27952614e-07, -1.19447338e-06, 1.19992262e-06,
             -3.24335087e-06, 1.42130109e-13, 1.93599794e-06,
             -4.76347646e-14, 0., 0., 0., 0., 0., 0., 6.47652314e-08,
             4.29896403e-07, 1.36133167e-07, 4.99874034e-07,
             3.25744031e-06, 1.03152661e-06, -1.00867361e-12,
             -4.76347646e-14, 1.93599840e-06, 0., 0., 0., 0., 0., 0., 0.,
             0., 0., 0., 0., 0., 0., 0., 0., 1.00000025e-05, 0., 0., 0.,
             0., 0., 0., 0., 0., 0., 0., 0., 0., 0., 0., 0.,
             1.00000025e-05, 0., 0., 0., 0., 0., 0., 0., 0., 0., 0., 0.,
             0., 0., 0., 0., 1.00000025e-05, 0., 0., 0., 0., 0., 0., 0.,
             0., 0., 0., 0., 0., 0., 0., 0., 1.60000041e-10, 0., 0., 0.,
             0., 0., 0., 0., 0., 0., 0., 0., 0., 0., 0., 0.,
             1.60000041e-10, 0., 0., 0., 0., 0., 0., 0., 0., 0., 0., 0.,
             0., 0., 0., 0., 1.60000041e-10 ]
      dpdba: !!opencv-matrix
         rows: 3
         cols: 3
         dt: f
         data: [ -8.08364078e-02, -4.13418142e-03, -1.75445981e-04,
             4.06574085e-03, -8.03228766e-02, 7.34258629e-03,
             7.50021893e-04, -7.30457110e-03, -8.04818794e-02 ]
      dpdbg: !!opencv-matrix
         rows: 3
         cols: 3
         dt: f
         data: [ -1.52724772e-03, 3.52995954e-02, -5.43662766e-03,
             -3.50759812e-02, -7.88017735e-03, -9.46338251e-02,
             -4.98157518e-04, 9.45789665e-02, -6.53665327e-03 ]
      dqdbg: !!opencv-matrix
         rows: 3
         cols: 3
         dt: f
         data: [ -3.98851484e-01, 2.37517282e-02, 7.97590613e-03,
             -2.48212479e-02, -3.91893536e-01, -6.56540766e-02,
             -2.47757719e-03, 6.60667270e-02, -3.92958909e-01 ]
      dvdba: !!opencv-matrix
         rows: 3
         cols: 3
         dt: f
         data: [ -3.98498476e-01, -3.00849937e-02, -8.59623658e-04,
             2.93538440e-02, -3.93105388e-01, 5.58095872e-02,
             6.48520608e-03, -5.54305688e-02, -3.94557118e-01 ]
      dvdbg: !!opencv-matrix
         rows: 3
         cols: 3
         dt: f
         data: [ -1.34585779e-02, 2.67412513e-01, -4.75991294e-02,
             -2.64647990e-01, -7.79090226e-02, -7.09800541e-01,
             -1.26148770e-02, 7.09006608e-01, -6.42900839e-02 ]
   -
      Id: 95
      Pi: !!opencv-matrix
         rows: 3
         cols: 1
         dt: f
         data: [ 1.70539308e+00, -6.39520526e-01, -4.01855111e-01 ]
      Qi: !!opencv-matrix
         rows: 4
         cols: 1
         dt: f
         data: [ 7.33924747e-01, -3.54444295e-01, 3.51645052e-01,
             -4.60510075e-01 ]
      Vi: !!opencv-matrix
         rows: 3
         cols: 1
         dt: f
         data: [ -2.39106134e-01, -8.30191672e-02, 4.71565008e-01 ]
      Bai: !!opencv-matrix
         rows: 3
         cols: 1
         dt: f
         data: [ -2.27653440e-02, 7.93855786e-02, 8.28092694e-02 ]
      Bgi: !!opencv-matrix
         rows: 3
         cols: 1
         dt: f
         data: [ -2.14338908e-03, 2.03846712e-02, 7.59270191e-02 ]
      DeltaT: 4.5000004768371582e-01
      dPi: !!opencv-matrix
         rows: 3
         cols: 1
         dt: f
         data: [ 9.30271864e-01, -5.76197682e-03, -3.14108908e-01 ]
      dVi: !!opencv-matrix
         rows: 3
         cols: 1
         dt: f
         data: [ 4.08175993e+00, -4.37465310e-02, -1.34321535e+00 ]
      dRi: !!opencv-matrix
         rows: 3
         cols: 3
         dt: f
         data: [ 9.88642335e-01, 1.32694840e-01, -7.05580413e-02,
             -1.48931250e-01, 9.27966356e-01, -3.41610789e-01,
             2.01454945e-02, 3.48239183e-01, 9.37189221e-01 ]
      dBai: !!opencv-matrix
         rows: 3
         cols: 1
         dt: f
         data: [ 1.24163154e-04, 3.10581960e-02, -4.01371438e-03 ]
      dBgi: !!opencv-matrix
         rows: 3
         cols: 1
         dt: f
         data: [ 1.07715528e-06, 6.43889462e-06, -9.52040864e-06 ]
      CovPVPhi: !!opencv-matrix
         rows: 15
         cols: 15
         dt: f
         data: [ 9.19210652e-05, 3.58331542e-09, 1.18819422e-07,
             3.06495815e-04, 2.15378204e-08, 6.60966862e-07,
             3.23287104e-08, -1.97424242e-07, 8.09294036e-08, 0., 0., 0.,
             0., 0., 0., 3.58331542e-09, 9.22793188e-05, -1.18018539e-09,
             2.65590785e-08, 3.08497023e-04, -8.74058337e-09,
             2.26828689e-07, 2.57792863e-07, 6.00391559e-07, 0., 0., 0.,
             0., 0., 0., 1.18819422e-07, -1.18018539e-09, 9.22399413e-05,
             6.48112234e-07, -6.93910662e-09, 3.08283226e-04,
             9.04626987e-08, -6.10720633e-07, 2.25302671e-07, 0., 0., 0.,
             0., 0., 0., 3.06495815e-04, 2.65590785e-08, 6.48112234e-07,
             1.36249268e-03, 1.64505693e-07, 3.84396117e-06,
             2.11665977e-07, -1.28601596e-06, 5.42125179e-07, 0., 0., 0.,
             0., 0., 0., 2.15378204e-08, 3.08497023e-04, -6.93910662e-09,
             1.64505693e-07, 1.37440965e-03, -5.29216599e-08,
             1.48520769e-06, 1.72096156e-06, 4.02073374e-06, 0., 0., 0.,
             0., 0., 0., 6.60966862e-07, -8.74058337e-09, 3.08283226e-04,
             3.84396117e-06, -5.29216599e-08, 1.37317204e-03,
             5.92937511e-07, -4.08917185e-06, 1.50883045e-06, 0., 0., 0.,
             0., 0., 0., 3.23287104e-08, 2.26828689e-07, 9.04626987e-08,
             2.11665977e-07, 1.48520769e-06, 5.92937511e-07,
             2.17799993e-06, -3.98591560e-13, -1.13200042e-12, 0., 0.,
             0., 0., 0., 0., -1.97424242e-07, 2.57792863e-07,
             -6.10720633e-07, -1.28601596e-06, 1.72096156e-06,
             -4.08917185e-06, -3.98591560e-13, 2.17799720e-06,
             1.54196900e-13, 0., 0., 0., 0., 0., 0., 8.09294036e-08,
             6.00391559e-07, 2.25302671e-07, 5.42125179e-07,
             4.02073374e-06, 1.50883045e-06, -1.13200042e-12,
             1.54196900e-13, 2.17799743e-06, 0., 0., 0., 0., 0., 0., 0.,
             0., 0., 0., 0., 0., 0., 0., 0., 1.12500011e-05, 0., 0., 0.,
             0., 0., 0., 0., 0., 0., 0., 0., 0., 0., 0., 0.,
             1.12500011e-05, 0., 0., 0., 0., 0., 0., 0., 0., 0., 0., 0.,
             0., 0., 0., 0., 1.12500011e-05, 0., 0., 0., 0., 0., 0., 0.,
             0., 0., 0., 0., 0., 0., 0., 0., 1.80000015e-10, 0., 0., 0.,
             0., 0., 0., 0., 0., 0., 0., 0., 0., 0., 0., 0.,
             1.80000015e-10, 0., 0., 0., 0., 0., 0., 0., 0., 0., 0., 0.,
             0., 0., 0., 0., 1.80000015e-10 ]
      dpdba: !!opencv-matrix
         rows: 3
         cols: 3
         dt: f
         data: [ -1.02111578e-01, -5.38469804e-03, 2.94387015e-03,
             5.81206381e-03, -1.00976616e-01, 1.26529112e-02,
             -1.91903685e-03, -1.28401527e-02, -1.01161212e-01 ]
      dpdbg: !!opencv-matrix
         rows: 3
         cols: 3
         dt: f
         data: [ -2.19950033e-03, 4.47041951e-02, -5.73974615e-03,
             -4.73568849e-02, -1.51553173e-02, -1.36009261e-01,
             -4.36118431e-03, 1.36909202e-01, -1.32374195e-02 ]
      dqdbg: !!opencv-matrix
         rows: 3
         cols: 3
         dt: f
         data: [ -4.48521703e-01, 3.06233596e-02, -2.76743271e-03,
             -2.89217345e-02, -4.39883441e-01, -7.56134838e-02,
             9.72090848e-03, 7.49293193e-02, -4.41178620e-01 ]
      dvdba: !!opencv-matrix
         rows: 3
         cols: 3
         dt: f
         data: [ -4.47951198e-01, -3.33814137e-02, 1.83591601e-02,
             3.66395637e-02, -4.38354462e-01, 8.09568316e-02,
             -9.99704842e-03, -8.23448449e-02, -4.39855158e-01 ]
      dvdbg: !!opencv-matrix
         rows: 3
         cols: 3
         dt: f
         data: [ -1.66676659e-02, 2.88017839e-01, -4.94240634e-02,
             -3.10252696e-01, -1.29372999e-01, -8.97630274e-01,
             -3.77974287e-02, 9.05112207e-01, -1.12964720e-01 ]
   -
      Id: 94
      Pi: !!opencv-matrix
         rows: 3
         cols: 1
         dt: f
         data: [ 1.78067148e+00, -5.81567466e-01, -5.75714529e-01 ]
      Qi: !!opencv-matrix
         rows: 4
         cols: 1
         dt: f
         data: [ 6.82484210e-01, -4.41108376e-01, 4.68204528e-01,
             -3.47020537e-01 ]
      Vi: !!opencv-matrix
         rows: 3
         cols: 1
         dt: f
         data: [ -6.82112351e-02, -1.32656515e-01, 3.37977439e-01 ]
      Bai: !!opencv-matrix
         rows: 3
         cols: 1
         dt: f
         data: [ -2.25582924e-02, 7.79411793e-02, 8.38387161e-02 ]
      Bgi: !!opencv-matrix
         rows: 3
         cols: 1
         dt: f
         data: [ -2.14318233e-03, 2.03845147e-02, 7.59273022e-02 ]
      DeltaT: 2.4999976158142090e-01
      dPi: !!opencv-matrix
         rows: 3
         cols: 1
         dt: f
         data: [ 2.86292940e-01, 2.46965722e-03, -1.07373998e-01 ]
      dVi: !!opencv-matrix
         rows: 3
         cols: 1
         dt: f
         data: [ 2.23778629e+00, 2.42717154e-02, -8.53179395e-01 ]
      dRi: !!opencv-matrix
         rows: 3
         cols: 3
         dt: f
         data: [ 9.97498751e-01, 7.04756305e-02, -5.42024616e-03,
             -6.97637573e-02, 9.69284832e-01, -2.35838741e-01,
             -1.13671217e-02, 2.35626996e-01, 9.71777081e-01 ]
      dBai: !!opencv-matrix
         rows: 3
         cols: 1
         dt: f
         data: [ 1.35115944e-04, 3.24966013e-02, -4.92670015e-03 ]
      dBgi: !!opencv-matrix
         rows: 3
         cols: 1
         dt: f
         data: [ 8.76217769e-07, 6.52144399e-06, -9.76982119e-06 ]
      CovPVPhi: !!opencv-matrix
         rows: 15
         cols: 15
         dt: f
         data: [ 1.57561281e-05, -2.16015775e-10, 6.77557388e-09,
             9.45573556e-05, -2.21531038e-09, 6.84981032e-08,
             2.92939784e-09, -4.06479614e-08, 8.48839043e-09, 0., 0., 0.,
             0., 0., 0., -2.16015775e-10, 1.57739851e-05, 8.20392157e-11,
             -2.35573561e-09, 9.47372100e-05, 8.97652119e-10,
             4.01374436e-08, 2.85835693e-08, 1.05449949e-07, 0., 0., 0.,
             0., 0., 0., 6.77557388e-09, 8.20392157e-11, 1.57714148e-05,
             6.92816755e-08, 8.53809468e-10, 9.47108565e-05,
             8.97777053e-09, -1.05260391e-07, 2.56564512e-08, 0., 0., 0.,
             0., 0., 0., 9.45573556e-05, -2.35573561e-09, 6.92816755e-08,
             7.56537658e-04, -2.56980091e-08, 7.47614365e-07,
             3.59874193e-08, -4.99414966e-07, 1.03328688e-07, 0., 0., 0.,
             0., 0., 0., -2.21531038e-09, 9.47372100e-05, 8.53809468e-10,
             -2.56980091e-08, 7.58473238e-04, 9.92839677e-09,
             4.93122513e-07, 3.47280377e-07, 1.27955923e-06, 0., 0., 0.,
             0., 0., 0., 6.84981032e-08, 8.97652119e-10, 9.47108565e-05,
             7.47614365e-07, 9.92839677e-09, 7.58184819e-04,
             1.10081885e-07, -1.27720432e-06, 3.11324015e-07, 0., 0., 0.,
             0., 0., 0., 2.92939784e-09, 4.01374436e-08, 8.97777053e-09,
             3.59874193e-08, 4.93122513e-07, 1.10081885e-07,
             1.20999744e-06, 3.55104740e-14, -6.99640703e-13, 0., 0., 0.,
             0., 0., 0., -4.06479614e-08, 2.85835693e-08,
             -1.05260391e-07, -4.99414966e-07, 3.47280377e-07,
             -1.27720432e-06, 3.55104740e-14, 1.20999516e-06,
             -2.60275962e-14, 0., 0., 0., 0., 0., 0., 8.48839043e-09,
             1.05449949e-07, 2.56564512e-08, 1.03328688e-07,
             1.27955923e-06, 3.11324015e-07, -6.99640703e-13,
             -2.60275962e-14, 1.20999539e-06, 0., 0., 0., 0., 0., 0., 0.,
             0., 0., 0., 0., 0., 0., 0., 0., 6.24999393e-06, 0., 0., 0.,
             0., 0., 0., 0., 0., 0., 0., 0., 0., 0., 0., 0.,
             6.24999393e-06, 0., 0., 0., 0., 0., 0., 0., 0., 0., 0., 0.,
             0., 0., 0., 0., 6.24999393e-06, 0., 0., 0., 0., 0., 0., 0.,
             0., 0., 0., 0., 0., 0., 0., 0., 9.99999042e-11, 0., 0., 0.,
             0., 0., 0., 0., 0., 0., 0., 0., 0., 0., 0., 0.,
             9.99999042e-11, 0., 0., 0., 0., 0., 0., 0., 0., 0., 0., 0.,
             0., 0., 0., 0., 9.99999042e-11 ]
      dpdba: !!opencv-matrix
         rows: 3
         cols: 3
         dt: f
         data: [ -3.18577737e-02, -8.67043156e-04, -1.94289169e-04,
             8.39741901e-04, -3.17014083e-02, 2.59355712e-03,
             2.94133148e-04, -2.58480315e-03, -3.17160115e-02 ]
      dpdbg: !!opencv-matrix
         rows: 3
         cols: 3
         dt: f
         data: [ -2.64633156e-04, 8.83569010e-03, -2.41845919e-04,
             -8.67765117e-03, -1.65882625e-03, -2.31124200e-02,
             -7.72283180e-04, 2.30523795e-02, -1.47697167e-03 ]
      dqdbg: !!opencv-matrix
         rows: 3
         cols: 3
         dt: f
         data: [ -2.49816805e-01, 8.04427825e-03, -7.73418171e-04,
             -7.91887194e-03, -2.47500435e-01, -2.93410756e-02,
             2.05332041e-03, 2.93083861e-02, -2.47670710e-01 ]
      dvdba: !!opencv-matrix
         rows: 3
         cols: 3
         dt: f
         data: [ -2.49761179e-01, -9.57758725e-03, -1.49689498e-03,
             9.26839933e-03, -2.47371674e-01, 3.00244149e-02,
             2.96919653e-03, -2.99279727e-02, -2.47585475e-01 ]
      dvdbg: !!opencv-matrix
         rows: 3
         cols: 3
         dt: f
         data: [ -2.88083870e-03, 1.07801303e-01, -5.21418918e-03,
             -1.05483688e-01, -2.53747012e-02, -2.78015286e-01,
             -1.08889705e-02, 2.77130246e-01, -2.25330833e-02 ]
