%YAML:1.0
---
cntFrames: 6
G: !!opencv-matrix
   rows: 3
   cols: 1
   dt: f
   data: [ -5.75561345e-01, 9.08304977e+00, 3.66101575e+00 ]
fx: 4.3520468139648438e+02
fy: 4.3520468139648438e+02
cx: 3.6745172119140625e+02
cy: 2.5220085144042969e+02
mbf: 4.7906394958496094e+01
mb: 1.1007785052061081e-01
Tbc: !!opencv-matrix
   rows: 4
   cols: 4
   dt: f
   data: [ 1.48655428e-02, -9.99880910e-01, 4.14029695e-03,
       -2.16401462e-02, 9.99557257e-01, 1.49672134e-02, 2.57155299e-02,
       -6.46769851e-02, -2.57744361e-02, 3.75618832e-03, 9.99660730e-01,
       9.81073081e-03, 0., 0., 0., 1. ]
Ric: !!opencv-matrix
   rows: 3
   cols: 3
   dt: f
   data: [ 1.48655428e-02, -9.99880910e-01, 4.14029695e-03,
       9.99557257e-01, 1.49672134e-02, 2.57155299e-02, -2.57744361e-02,
       3.75618832e-03, 9.99660730e-01 ]
Tic: !!opencv-matrix
   rows: 4
   cols: 1
   dt: f
   data: [ -2.16401462e-02, -6.46769851e-02, 9.81073081e-03, 1. ]
PreintData:
   -
      Id: 419
      Pi: !!opencv-matrix
         rows: 3
         cols: 1
         dt: f
         data: [ 1.02451360e+00, -7.03000605e-01, 3.06494087e-01 ]
      Qi: !!opencv-matrix
         rows: 4
         cols: 1
         dt: f
         data: [ 6.97433352e-01, 9.32331309e-02, 4.45056614e-03,
             -7.10545182e-01 ]
      Vi: !!opencv-matrix
         rows: 3
         cols: 1
         dt: f
         data: [ -7.62156188e-01, 7.96305612e-02, 2.61938035e-01 ]
      Bai: !!opencv-matrix
         rows: 3
         cols: 1
         dt: f
         data: [ -2.26817038e-02, 1.10433795e-01, 7.87631571e-02 ]
      Bgi: !!opencv-matrix
         rows: 3
         cols: 1
         dt: f
         data: [ -2.14232341e-03, 2.03911252e-02, 7.59174973e-02 ]
      DeltaT: 4.9999952316284180e-02
      dPi: !!opencv-matrix
         rows: 3
         cols: 1
         dt: f
         data: [ 1.31280543e-02, 1.68735889e-04, -4.66317963e-03 ]
      dVi: !!opencv-matrix
         rows: 3
         cols: 1
         dt: f
         data: [ 4.93578494e-01, 1.96422552e-04, -1.75054371e-01 ]
      dRi: !!opencv-matrix
         rows: 3
         cols: 3
         dt: f
         data: [ 9.99943852e-01, 1.01405419e-02, 3.06966971e-03,
             -1.00112725e-02, 9.99167621e-01, -3.95452939e-02,
             -3.46812536e-03, 3.95123437e-02, 9.99213040e-01 ]
      dBai: !!opencv-matrix
         rows: 3
         cols: 1
         dt: f
         data: [ 0., 0., 0. ]
      dBgi: !!opencv-matrix
         rows: 3
         cols: 1
         dt: f
         data: [ 0., 0., 0. ]
      CovPVPhi: !!opencv-matrix
         rows: 15
         cols: 15
         dt: f
         data: [ 1.25726856e-07, -9.17513119e-15, 1.91041085e-12,
             3.78127811e-06, -2.19098319e-14, 1.04714681e-10,
             3.03347083e-12, -2.98258584e-10, 1.31199921e-11, 0., 0., 0.,
             0., 0., 0., -9.17513119e-15, 1.25732214e-07, 3.06339863e-15,
             1.72860912e-12, 3.78157233e-06, -6.21624388e-13,
             2.95756447e-10, 3.61277119e-11, 8.38814795e-10, 0., 0., 0.,
             0., 0., 0., 1.91041085e-12, 3.06339863e-15, 1.25731546e-07,
             1.04462862e-10, 3.60905153e-15, 3.78153504e-06,
             7.18917287e-12, -8.37917513e-10, 3.30759066e-11, 0., 0., 0.,
             0., 0., 0., 3.78127811e-06, 1.72860912e-12, 1.04462862e-10,
             1.51251879e-04, 1.19872223e-10, 6.09372197e-09,
             1.96101857e-10, -1.93895726e-08, 1.23047827e-09, 0., 0., 0.,
             0., 0., 0., -2.19098336e-14, 3.78157233e-06, 3.60905153e-15,
             1.19872223e-10, 1.51269036e-04, -4.26803037e-11,
             1.92410425e-08, 2.35769093e-09, 5.47564376e-08, 0., 0., 0.,
             0., 0., 0., 1.04714681e-10, -6.21624388e-13, 3.78153504e-06,
             6.09372197e-09, -4.26803037e-11, 1.51266868e-04,
             9.24169699e-11, -5.47019390e-08, 2.15804774e-09, 0., 0., 0.,
             0., 0., 0., 3.03347083e-12, 2.95756447e-10, 7.18917287e-12,
             1.96101857e-10, 1.92410425e-08, 9.24169699e-11,
             2.41999516e-07, 2.48878050e-14, -8.12477323e-14, 0., 0., 0.,
             0., 0., 0., -2.98258584e-10, 3.61277119e-11,
             -8.37917513e-10, -1.93895726e-08, 2.35769093e-09,
             -5.47019390e-08, 2.48878050e-14, 2.41999203e-07,
             -7.34299045e-15, 0., 0., 0., 0., 0., 0., 1.31199921e-11,
             8.38814795e-10, 3.30759066e-11, 1.23047827e-09,
             5.47564376e-08, 2.15804774e-09, -8.12477323e-14,
             -7.34299045e-15, 2.41999231e-07, 0., 0., 0., 0., 0., 0., 0.,
             0., 0., 0., 0., 0., 0., 0., 0., 1.24999883e-06, 0., 0., 0.,
             0., 0., 0., 0., 0., 0., 0., 0., 0., 0., 0., 0.,
             1.24999883e-06, 0., 0., 0., 0., 0., 0., 0., 0., 0., 0., 0.,
             0., 0., 0., 0., 1.24999883e-06, 0., 0., 0., 0., 0., 0., 0.,
             0., 0., 0., 0., 0., 0., 0., 0., 1.99999808e-11, 0., 0., 0.,
             0., 0., 0., 0., 0., 0., 0., 0., 0., 0., 0., 0.,
             1.99999808e-11, 0., 0., 0., 0., 0., 0., 0., 0., 0., 0., 0.,
             0., 0., 0., 0., 1.99999808e-11 ]
      dpdba: !!opencv-matrix
         rows: 3
         cols: 3
         dt: f
         data: [ -1.37498032e-03, -5.67954885e-06, -1.52922314e-06,
             5.64977836e-06, -1.37479685e-03, 1.83841148e-05,
             1.63653715e-06, -1.83752836e-05, -1.37481152e-03 ]
      dpdbg: !!opencv-matrix
         rows: 3
         cols: 3
         dt: f
         data: [ -3.66959830e-06, 7.17883304e-05, -1.00831505e-06,
             -7.16180075e-05, -5.66983817e-06, -2.01884584e-04,
             -3.58478758e-07, 2.01823786e-04, -5.43471560e-06 ]
      dqdbg: !!opencv-matrix
         rows: 3
         cols: 3
         dt: f
         data: [ -4.99991737e-02, 2.24087635e-04, 8.86758135e-05,
             -2.26241289e-04, -4.99860086e-02, -1.00122299e-03,
             -8.26442702e-05, 1.00171473e-03, -4.99866083e-02 ]
      dvdba: !!opencv-matrix
         rows: 3
         cols: 3
         dt: f
         data: [ -4.99989130e-02, -2.79730855e-04, -7.49217215e-05,
             2.77766172e-04, -4.99862581e-02, 9.75459989e-04,
             8.18819899e-05, -9.74917086e-04, -4.99871410e-02 ]
      dvdbg: !!opencv-matrix
         rows: 3
         cols: 3
         dt: f
         data: [ -1.82690001e-05, 4.52062022e-03, -2.22832168e-04,
             -4.50906111e-03, -1.88528007e-04, -1.27887288e-02,
             1.10389912e-04, 1.27844838e-02, -1.69721898e-04 ]
   -
      Id: 98
      Pi: !!opencv-matrix
         rows: 3
         cols: 1
         dt: f
         data: [ 1.06210661e+00, -7.06414938e-01, 2.92480469e-01 ]
      Qi: !!opencv-matrix
         rows: 4
         cols: 1
         dt: f
         data: [ 7.02709794e-01, 7.84233958e-02, 1.70913003e-02,
             -7.06934631e-01 ]
      Vi: !!opencv-matrix
         rows: 3
         cols: 1
         dt: f
         data: [ -7.45364368e-01, 7.30419457e-02, 3.33069950e-01 ]
      Bai: !!opencv-matrix
         rows: 3
         cols: 1
         dt: f
         data: [ -2.26817038e-02, 1.10433795e-01, 7.87631571e-02 ]
      Bgi: !!opencv-matrix
         rows: 3
         cols: 1
         dt: f
         data: [ -2.14232341e-03, 2.03911252e-02, 7.59174973e-02 ]
      DeltaT: 4.5000004768371582e-01
      dPi: !!opencv-matrix
         rows: 3
         cols: 1
         dt: f
         data: [ 9.56695974e-01, 3.26541625e-02, -3.54959488e-01 ]
      dVi: !!opencv-matrix
         rows: 3
         cols: 1
         dt: f
         data: [ 4.20177841e+00, 1.55661196e-01, -1.58362150e+00 ]
      dRi: !!opencv-matrix
         rows: 3
         cols: 3
         dt: f
         data: [ 9.90498006e-01, 1.37187108e-01, 9.66462772e-03,
             -1.19834498e-01, 8.95419121e-01, -4.28793937e-01,
             -6.74788952e-02, 4.23561394e-01, 9.03350651e-01 ]
      dBai: !!opencv-matrix
         rows: 3
         cols: 1
         dt: f
         data: [ 0., 0., 0. ]
      dBgi: !!opencv-matrix
         rows: 3
         cols: 1
         dt: f
         data: [ 0., 0., 0. ]
      CovPVPhi: !!opencv-matrix
