%YAML:1.0
---
cntFrames: 6
G: !!opencv-matrix
   rows: 3
   cols: 1
   dt: f
   data: [ 5.45640774e-02, 9.25659943e+00, 3.24784493e+00 ]
fx: 4.3520468139648438e+02
fy: 4.3520468139648438e+02
cx: 3.6745172119140625e+02
cy: 2.5220085144042969e+02
mbf: 4.7906394958496094e+01
mb: 1.1007785052061081e-01
Tbc: !!opencv-matrix
   rows: 4
   cols: 4
   dt: f
   data: [ 1.48655428e-02, -9.99880910e-01, 4.14029695e-03,
       -2.16401462e-02, 9.99557257e-01, 1.49672134e-02, 2.57155299e-02,
       -6.46769851e-02, -2.57744361e-02, 3.75618832e-03, 9.99660730e-01,
       9.81073081e-03, 0., 0., 0., 1. ]
Ric: !!opencv-matrix
   rows: 3
   cols: 3
   dt: f
   data: [ 1.48655428e-02, -9.99880910e-01, 4.14029695e-03,
       9.99557257e-01, 1.49672134e-02, 2.57155299e-02, -2.57744361e-02,
       3.75618832e-03, 9.99660730e-01 ]
Tic: !!opencv-matrix
   rows: 4
   cols: 1
   dt: f
   data: [ -2.16401462e-02, -6.46769851e-02, 9.81073081e-03, 1. ]
PreintData:
   -
      Id: 0
      Pi: !!opencv-matrix
         rows: 3
         cols: 1
         dt: f
         data: [ 1.09681554e-01, 3.60834450e-01, 2.85811722e-01 ]
      Qi: !!opencv-matrix
         rows: 4
         cols: 1
         dt: f
         data: [ 6.96796417e-01, 1.15156807e-01, -7.30797201e-02,
             -7.04182506e-01 ]
      Vi: !!opencv-matrix
         rows: 3
         cols: 1
         dt: f
         data: [ 1.21319760e-03, 2.42323931e-02, 8.15756712e-03 ]
      Bai: !!opencv-matrix
         rows: 3
         cols: 1
         dt: f
         data: [ -5.58433682e-02, 2.29866251e-01, 2.90962309e-02 ]
      Bgi: !!opencv-matrix
         rows: 3
         cols: 1
         dt: f
         data: [ -3.11281579e-03, 2.13168617e-02, 7.87539855e-02 ]
      DeltaT: 5.0000000000000000e-01
      dPi: !!opencv-matrix
         rows: 3
         cols: 1
         dt: f
         data: [ 1.19631302e+00, -9.52982008e-02, -3.29854697e-01 ]
      dVi: !!opencv-matrix
         rows: 3
         cols: 1
         dt: f
         data: [ 4.73689985e+00, -3.76077503e-01, -1.30541539e+00 ]
      dRi: !!opencv-matrix
         rows: 3
         cols: 3
         dt: f
         data: [ 9.99999881e-01, -3.58977937e-04, -3.92489485e-04,
             3.58992489e-04, 9.99999940e-01, 3.70191083e-05,
             3.92476184e-04, -3.71600036e-05, 9.99999940e-01 ]
      dBai: !!opencv-matrix
         rows: 3
         cols: 1
         dt: f
         data: [ 0., 0., 0. ]
      dBgi: !!opencv-matrix
         rows: 3
         cols: 1
         dt: f
         data: [ 0., 0., 0. ]
      CovPVPhi: !!opencv-matrix
         rows: 9
         cols: 9
         dt: f
         data: [ 1.26093029e-04, 5.26016173e-08, 1.82623225e-07,
             3.78398661e-04, 2.64179505e-07, 9.17451359e-07,
             -6.45561521e-11, -2.59519453e-07, 7.47021573e-08,
             5.26016173e-08, 1.26751052e-04, -1.45065258e-08,
             2.63592625e-07, 3.81704565e-04, -7.26920177e-08,
             2.59882370e-07, -1.33504874e-10, 9.41021824e-07,
             1.82623225e-07, -1.45065258e-08, 1.26704865e-04,
             9.16688464e-07, -7.27932843e-08, 3.81472695e-04,
             -7.50526254e-08, -9.41095834e-07, -1.06948270e-11,
             3.78398661e-04, 2.63592625e-07, 9.16688464e-07,
             1.51396508e-03, 1.41201531e-06, 4.91161882e-06,
             -3.89057009e-10, -1.56269823e-06, 4.48966887e-07,
             2.64179505e-07, 3.81704565e-04, -7.27932843e-08,
             1.41201531e-06, 1.53168058e-03, -3.89025246e-07,
             1.56488602e-06, -8.04181166e-10, 5.67299094e-06,
             9.17451359e-07, -7.26920177e-08, 3.81472695e-04,
             4.91161882e-06, -3.89025246e-07, 1.53043913e-03,
             -4.51079586e-07, -5.67343704e-06, -6.50103998e-11,
             -6.45561521e-11, 2.59882370e-07, -7.50526254e-08,
             -3.89057009e-10, 1.56488602e-06, -4.51079586e-07,
             2.42000010e-06, -1.72880572e-18, 2.43121865e-18,
             -2.59519453e-07, -1.33504874e-10, -9.41095834e-07,
             -1.56269823e-06, -8.04181166e-10, -5.67343704e-06,
             -1.72880572e-18, 2.42000010e-06, -3.52901885e-18,
             7.47021573e-08, 9.41021824e-07, -1.06948270e-11,
             4.48966887e-07, 5.67299094e-06, -6.50103998e-11,
             2.43121865e-18, -3.52901885e-18, 2.42000010e-06 ]
      dpdba: !!opencv-matrix
         rows: 3
         cols: 3
         dt: f
         data: [ -1.26249999e-01, 1.32656896e-05, 2.01539315e-05,
             -1.32648865e-05, -1.26249999e-01, 4.96611210e-06,
             -2.01545463e-05, -4.96359644e-06, -1.26249999e-01 ]
      dpdbg: !!opencv-matrix
         rows: 3
         cols: 3
         dt: f
         data: [ -3.13596567e-04, 5.44314571e-02, -1.56723447e-02,
             -5.44604808e-02, -3.18567530e-04, -1.97389558e-01,
             1.56858936e-02, 1.97396159e-01, -3.25112749e-04 ]
      dqdbg: !!opencv-matrix
         rows: 3
         cols: 3
         dt: f
         data: [ -4.99999970e-01, -9.89263644e-05, -9.72190464e-05,
             9.89188629e-05, -5.00000000e-01, 3.35751174e-05,
             9.72265188e-05, -3.35522927e-05, -5.00000000e-01 ]
      dvdba: !!opencv-matrix
         rows: 3
         cols: 3
         dt: f
         data: [ -4.99999970e-01, 8.05758245e-05, 9.90136250e-05,
             -8.05738309e-05, -5.00000000e-01, 1.50307214e-05,
             -9.90152184e-05, -1.50111755e-05, -5.00000000e-01 ]
      dvdbg: !!opencv-matrix
         rows: 3
         cols: 3
         dt: f
         data: [ 1.91611325e-05, 3.26115072e-01, -9.36957896e-02,
             -3.26307327e-01, -1.25856059e-05, -1.18392646e+00,
             9.38066617e-02, 1.18396866e+00, -6.15803583e-05 ]
   -
      Id: 1
      Pi: !!opencv-matrix
         rows: 3
         cols: 1
         dt: f
         data: [ 1.09641299e-01, 3.60832483e-01, 2.85852075e-01 ]
      Qi: !!opencv-matrix
         rows: 4
         cols: 1
         dt: f
         data: [ 6.96783364e-01, 1.15154848e-01, -7.30390549e-02,
             -7.04199970e-01 ]
      Vi: !!opencv-matrix
         rows: 3
         cols: 1
         dt: f
         data: [ 4.20199620e-04, 2.46981122e-02, 9.86664556e-03 ]
      Bai: !!opencv-matrix
         rows: 3
         cols: 1
         dt: f
         data: [ -5.64021394e-02, 2.30061412e-01, 2.95486785e-02 ]
      Bgi: !!opencv-matrix
         rows: 3
         cols: 1
         dt: f
         data: [ -3.11283814e-03, 2.13169996e-02, 7.87538290e-02 ]
      DeltaT: 5.0000000000000000e-01
      dPi: !!opencv-matrix
         rows: 3
         cols: 1
         dt: f
         data: [ 1.19688988e+00, -9.48642567e-02, -3.29875886e-01 ]
      dVi: !!opencv-matrix
         rows: 3
         cols: 1
         dt: f
         data: [ 4.73888826e+00, -3.76066685e-01, -1.30533421e+00 ]
      dRi: !!opencv-matrix
         rows: 3
         cols: 3
         dt: f
         data: [ 9.99999881e-01, -4.06212639e-04, -3.27912247e-04,
             4.06198495e-04, 9.99999940e-01, -4.32375527e-05,
             3.27929767e-04, 4.31043518e-05, 9.99999940e-01 ]
      dBai: !!opencv-matrix
         rows: 3
         cols: 1
         dt: f
         data: [ 5.58772066e-04, -1.95157845e-04, -4.52448992e-04 ]
      dBgi: !!opencv-matrix
         rows: 3
         cols: 1
         dt: f
         data: [ 2.24967582e-08, -1.37846456e-07, 1.58481825e-07 ]
      CovPVPhi: !!opencv-matrix
         rows: 9
         cols: 9
         dt: f
         data: [ 1.26092957e-04, 5.26461257e-08, 1.82564776e-07,
             3.78398516e-04, 2.64442775e-07, 9.17222621e-07,
             -8.20028004e-11, -2.59379135e-07, 7.47676410e-08,
             5.26461257e-08, 1.26751460e-04, -1.45036045e-08,
             2.64461789e-07, 3.81706835e-04, -7.28585405e-08,
             2.59700215e-07, -5.50887669e-11, 9.41427061e-07,
             1.82564776e-07, -1.45036045e-08, 1.26705359e-04,
             9.16796125e-07, -7.28194465e-08, 3.81475285e-04,
             -7.51422533e-08, -9.41483506e-07, 7.73811085e-11,
             3.78398516e-04, 2.64461789e-07, 9.16796125e-07,
             1.51396520e-03, 1.41702651e-06, 4.91248056e-06,
             -4.93806440e-10, -1.56250871e-06, 4.50940945e-07,
             2.64442775e-07, 3.81706835e-04, -7.28194465e-08,
             1.41702651e-06, 1.53169339e-03, -3.90182407e-07,
             1.56444435e-06, -3.31639521e-10, 5.67511279e-06,
             9.17222621e-07, -7.28585405e-08, 3.81475285e-04,
             4.91248056e-06, -3.90182407e-07, 1.53045321e-03,
             -4.53199249e-07, -5.67545248e-06, 4.66545191e-10,
             -8.20028004e-11, 2.59700215e-07, -7.51422533e-08,
             -4.93806440e-10, 1.56444435e-06, -4.53199249e-07,
             2.42000010e-06, -2.99626966e-18, 3.79896303e-18,
             -2.59379135e-07, -5.50887669e-11, -9.41483506e-07,
             -1.56250871e-06, -3.31639521e-10, -5.67545248e-06,
             -2.99626966e-18, 2.42000010e-06, 2.78707403e-18,
             7.47676410e-08, 9.41427061e-07, 7.73811085e-11,
             4.50940945e-07, 5.67511279e-06, 4.66545191e-10,
             3.79896303e-18, 2.78707403e-18, 2.42000010e-06 ]
      dpdba: !!opencv-matrix
         rows: 3
         cols: 3
         dt: f
         data: [ -1.26249999e-01, 1.72039108e-05, 1.56252481e-05,
             -1.72026357e-05, -1.26249999e-01, 9.48357501e-06,
             -1.56266688e-05, -9.48038814e-06, -1.26249999e-01 ]
      dpdbg: !!opencv-matrix
         rows: 3
         cols: 3
         dt: f
         data: [ -3.11690324e-04, 5.44029437e-02, -1.56851094e-02,
             -5.44226319e-02, -3.24338384e-04, -1.97474375e-01,
             1.57008469e-02, 1.97477937e-01, -3.31221760e-04 ]
      dqdbg: !!opencv-matrix
         rows: 3
         cols: 3
         dt: f
         data: [ -4.99999970e-01, -9.97681636e-05, -7.40220858e-05,
             9.97658208e-05, -5.00000000e-01, 1.79153867e-05,
             7.40252217e-05, -1.78946375e-05, -5.00000000e-01 ]
      dvdba: !!opencv-matrix
         rows: 3
         cols: 3
         dt: f
         data: [ -4.99999970e-01, 1.03344028e-04, 8.99266815e-05,
             -1.03336613e-04, -4.99999970e-01, 3.95041716e-05,
             -8.99352744e-05, -3.94796079e-05, -5.00000000e-01 ]
      dvdbg: !!opencv-matrix
         rows: 3
         cols: 3
         dt: f
         data: [ 3.25817091e-05, 3.26049238e-01, -9.41360146e-02,
             -3.26202214e-01, -4.47112325e-05, -1.18436050e+00,
             9.42720771e-02, 1.18438792e+00, -1.00521793e-04 ]
   -
      Id: 2
      Pi: !!opencv-matrix
         rows: 3
         cols: 1
         dt: f
         data: [ 1.09649688e-01, 3.60831231e-01, 2.85839736e-01 ]
      Qi: !!opencv-matrix
         rows: 4
         cols: 1
         dt: f
         data: [ 6.96799397e-01, 1.15154304e-01, -7.30726719e-02,
             -7.04180717e-01 ]
      Vi: !!opencv-matrix
         rows: 3
         cols: 1
         dt: f
         data: [ -6.08491537e-04, 2.37558112e-02, 8.10551085e-03 ]
      Bai: !!opencv-matrix
         rows: 3
         cols: 1
         dt: f
         data: [ -5.70813902e-02, 2.30315939e-01, 2.99922246e-02 ]
      Bgi: !!opencv-matrix
         rows: 3
         cols: 1
         dt: f
         data: [ -3.11274128e-03, 2.13170126e-02, 7.87536278e-02 ]
      DeltaT: 5.0000000000000000e-01
      dPi: !!opencv-matrix
         rows: 3
         cols: 1
         dt: f
         data: [ 1.19637287e+00, -9.54099000e-02, -3.29572618e-01 ]
      dVi: !!opencv-matrix
         rows: 3
         cols: 1
         dt: f
         data: [ 4.73752165e+00, -3.77523094e-01, -1.30480969e+00 ]
      dRi: !!opencv-matrix
         rows: 3
         cols: 3
         dt: f
         data: [ 9.99999821e-01, -5.49421820e-04, -9.76576557e-05,
             5.49446093e-04, 9.99999821e-01, 2.48274038e-04,
             9.75212315e-05, -2.48327677e-04, 9.99999940e-01 ]
      dBai: !!opencv-matrix
         rows: 3
         cols: 1
         dt: f
         data: [ 1.24269305e-03, -4.51209780e-04, -8.99793464e-04 ]
      dBgi: !!opencv-matrix
         rows: 3
         cols: 1
         dt: f
         data: [ -7.45164144e-08, -1.51204972e-07, 3.58191045e-07 ]
      CovPVPhi: !!opencv-matrix
         rows: 9
         cols: 9
         dt: f
         data: [ 1.26092840e-04, 5.25846140e-08, 1.82295153e-07,
             3.78398108e-04, 2.64064738e-07, 9.15861790e-07,
             -1.34794481e-10, -2.59056378e-07, 7.45962083e-08,
             5.25846140e-08, 1.26750994e-04, -1.44730468e-08,
             2.64529774e-07, 3.81704973e-04, -7.28014555e-08,
             2.59120895e-07, -3.81737975e-10, 9.41267217e-07,
             1.82295153e-07, -1.44730468e-08, 1.26704996e-04,
             9.16250769e-07, -7.27043314e-08, 3.81473801e-04,
             -7.51762244e-08, -9.41249368e-07, -2.33635417e-10,
             3.78398108e-04, 2.64529774e-07, 9.16250769e-07,
             1.51396473e-03, 1.41784221e-06, 4.91055425e-06,
             -8.13117129e-10, -1.56287820e-06, 4.51085697e-07,
             2.64064738e-07, 3.81704973e-04, -7.27043314e-08,
             1.41784221e-06, 1.53168675e-03, -3.90385992e-07,
             1.56326678e-06, -2.30200148e-09, 5.67467532e-06,
             9.15861790e-07, -7.28014555e-08, 3.81473801e-04,
             4.91055425e-06, -3.90385992e-07, 1.53044739e-03,
             -4.54582761e-07, -5.67456709e-06, -1.40841083e-09,
             -1.34794481e-10, 2.59120895e-07, -7.51762244e-08,
             -8.13117129e-10, 1.56326678e-06, -4.54582761e-07,
             2.42000010e-06, -2.89338142e-18, 3.58694424e-18,
             -2.59056378e-07, -3.81737975e-10, -9.41249368e-07,
             -1.56287820e-06, -2.30200148e-09, -5.67456709e-06,
             -2.89338142e-18, 2.42000010e-06, 2.29012873e-18,
             7.45962083e-08, 9.41267217e-07, -2.33635417e-10,
             4.51085697e-07, 5.67467532e-06, -1.40841083e-09,
             3.58694424e-18, 2.29012873e-18, 2.42000010e-06 ]
      dpdba: !!opencv-matrix
         rows: 3
         cols: 3
         dt: f
         data: [ -1.26249999e-01, 3.18482671e-05, 4.73156797e-06,
             -3.18486564e-05, -1.26249999e-01, -1.08854811e-05,
             -4.72792635e-06, 1.08867016e-05, -1.26249999e-01 ]
      dpdbg: !!opencv-matrix
         rows: 3
         cols: 3
         dt: f
         data: [ -3.05328576e-04, 5.43337688e-02, -1.56579241e-02,
             -5.43402061e-02, -2.91358447e-04, -1.97430938e-01,
             1.57011822e-02, 1.97429851e-01, -3.02844914e-04 ]
      dqdbg: !!opencv-matrix
         rows: 3
         cols: 3
         dt: f
         data: [ -4.99999970e-01, -1.05713589e-04, -3.19029459e-05,
             1.05709791e-04, -4.99999970e-01, 6.32933297e-05,
             3.19208084e-05, -6.32869051e-05, -5.00000000e-01 ]
      dvdba: !!opencv-matrix
         rows: 3
         cols: 3
         dt: f
         data: [ -4.99999970e-01, 1.69003601e-04, 1.68912138e-05,
             -1.69005420e-04, -4.99999970e-01, -6.08612645e-05,
             -1.68661591e-05, 6.08666414e-05, -5.00000000e-01 ]
      dvdbg: !!opencv-matrix
         rows: 3
         cols: 3
         dt: f
         data: [ 7.84690565e-05, 3.26103210e-01, -9.42695588e-02,
             -3.26139510e-01, 1.83702650e-04, -1.18421900e+00,
             9.45952907e-02, 1.18420744e+00, 9.81559642e-05 ]
   -
      Id: 3
      Pi: !!opencv-matrix
         rows: 3
         cols: 1
         dt: f
         data: [ 1.09632134e-01, 3.60870749e-01, 2.85851628e-01 ]
      Qi: !!opencv-matrix
         rows: 4
         cols: 1
         dt: f
         data: [ 6.96749330e-01, 1.15160935e-01, -7.30313808e-02,
             -7.04233408e-01 ]
      Vi: !!opencv-matrix
         rows: 3
         cols: 1
         dt: f
         data: [ 5.66853792e-04, 2.31525805e-02, 9.07456409e-03 ]
      Bai: !!opencv-matrix
         rows: 3
         cols: 1
         dt: f
         data: [ -5.76159246e-02, 2.30560482e-01, 3.05202231e-02 ]
      Bgi: !!opencv-matrix
         rows: 3
         cols: 1
         dt: f
         data: [ -3.11272428e-03, 2.13170797e-02, 7.87534267e-02 ]
      DeltaT: 5.0000000000000000e-01
      dPi: !!opencv-matrix
         rows: 3
         cols: 1
         dt: f
         data: [ 1.19546294e+00, -9.53925103e-02, -3.29043597e-01 ]
      dVi: !!opencv-matrix
         rows: 3
         cols: 1
         dt: f
         data: [ 4.73592949e+00, -3.76292706e-01, -1.30267608e+00 ]
      dRi: !!opencv-matrix
         rows: 3
         cols: 3
         dt: f
         data: [ 9.99999881e-01, -4.15102753e-04, -1.98905982e-04,
             4.15142771e-04, 9.99999881e-01, 2.01205767e-04,
             1.98822439e-04, -2.01288320e-04, 9.99999940e-01 ]
      dBai: !!opencv-matrix
         rows: 3
         cols: 1
         dt: f
         data: [ 1.73386175e-03, -6.77406206e-04, -1.39262050e-03 ]
      dBgi: !!opencv-matrix
         rows: 3
         cols: 1
         dt: f
         data: [ -9.33422939e-08, -2.03155253e-07, 5.48104993e-07 ]
      CovPVPhi: !!opencv-matrix
         rows: 9
         cols: 9
         dt: f
         data: [ 1.26092811e-04, 5.27534603e-08, 1.82103577e-07,
             3.78397759e-04, 2.65020304e-07, 9.15430405e-07,
             -9.23041990e-11, -2.59006754e-07, 7.48421627e-08,
             5.27534603e-08, 1.26750208e-04, -1.45202455e-08,
             2.63738286e-07, 3.81702353e-04, -7.25981621e-08,
             2.59176943e-07, -2.98063463e-10, 9.40743405e-07,
             1.82103577e-07, -1.45202455e-08, 1.26704297e-04,
             9.14726570e-07, -7.28950695e-08, 3.81471589e-04,
             -7.52836300e-08, -9.40763471e-07, -1.76166595e-10,
             3.78397759e-04, 2.63738286e-07, 9.14726570e-07,
             1.51396089e-03, 1.41295288e-06, 4.90445518e-06,
             -5.56572455e-10, -1.56050339e-06, 4.48668345e-07,
             2.65020304e-07, 3.81702353e-04, -7.28950695e-08,
             1.41295288e-06, 1.53168105e-03, -3.88610687e-07,
             1.56153067e-06, -1.79724813e-09, 5.67497636e-06,
             9.15430405e-07, -7.25981621e-08, 3.81471589e-04,
             4.90445518e-06, -3.88610687e-07, 1.53044413e-03,
             -4.51331090e-07, -5.67509824e-06, -1.06326858e-09,
             -9.23041990e-11, 2.59176943e-07, -7.52836300e-08,
             -5.56572455e-10, 1.56153067e-06, -4.51331090e-07,
             2.42000010e-06, -9.41657756e-19, 2.37065063e-18,
             -2.59006754e-07, -2.98063463e-10, -9.40763471e-07,
             -1.56050339e-06, -1.79724813e-09, -5.67509824e-06,
             -9.41657756e-19, 2.42000010e-06, -7.86695860e-19,
             7.48421627e-08, 9.40743405e-07, -1.76166595e-10,
             4.48668345e-07, 5.67497636e-06, -1.06326858e-09,
             2.37065063e-18, -7.86695860e-19, 2.42000010e-06 ]
      dpdba: !!opencv-matrix
         rows: 3
         cols: 3
         dt: f
         data: [ -1.26249999e-01, 1.64625326e-05, 7.71566920e-06,
             -1.64630928e-05, -1.26249999e-01, -6.16253647e-06,
             -7.71454143e-06, 6.16465331e-06, -1.26249999e-01 ]
      dpdbg: !!opencv-matrix
         rows: 3
         cols: 3
         dt: f
         data: [ -3.11266573e-04, 5.43216392e-02, -1.57058556e-02,
             -5.43276444e-02, -3.02800298e-04, -1.97329104e-01,
             1.57257710e-02, 1.97329521e-01, -3.08208662e-04 ]
      dqdbg: !!opencv-matrix
         rows: 3
         cols: 3
         dt: f
         data: [ -4.99999970e-01, -1.03703955e-04, -4.62590797e-05,
             1.03696555e-04, -4.99999970e-01, 6.32664014e-05,
             4.62751559e-05, -6.32514348e-05, -5.00000000e-01 ]
      dvdba: !!opencv-matrix
         rows: 3
         cols: 3
         dt: f
         data: [ -4.99999970e-01, 1.03860060e-04, 5.31676014e-05,
             -1.03865576e-04, -4.99999970e-01, -3.73556941e-05,
             -5.31568876e-05, 3.73721159e-05, -5.00000000e-01 ]
      dvdbg: !!opencv-matrix
         rows: 3
         cols: 3
         dt: f
         data: [ 3.65251581e-05, 3.25557053e-01, -9.36808884e-02,
             -3.25624377e-01, 9.97238531e-05, -1.18432140e+00,
             9.38502550e-02, 1.18432903e+00, 5.18700326e-05 ]
   -
      Id: 4
      Pi: !!opencv-matrix
         rows: 3
         cols: 1
         dt: f
         data: [ 1.09717026e-01, 3.60835910e-01, 2.85806060e-01 ]
      Qi: !!opencv-matrix
         rows: 4
         cols: 1
         dt: f
         data: [ 6.96844637e-01, 1.15200199e-01, -7.31041133e-02,
             -7.04125166e-01 ]
      Vi: !!opencv-matrix
         rows: 3
         cols: 1
         dt: f
         data: [ 8.36032850e-04, 2.26603001e-02, 7.61513365e-03 ]
      Bai: !!opencv-matrix
         rows: 3
         cols: 1
         dt: f
         data: [ -5.82638793e-02, 2.30864376e-01, 3.10781524e-02 ]
      Bgi: !!opencv-matrix
         rows: 3
         cols: 1
         dt: f
         data: [ -3.11260275e-03, 2.13172343e-02, 7.87532926e-02 ]
      DeltaT: 5.0000000000000000e-01
      dPi: !!opencv-matrix
         rows: 3
         cols: 1
         dt: f
         data: [ 1.19577074e+00, -9.58740637e-02, -3.29785824e-01 ]
      dVi: !!opencv-matrix
         rows: 3
         cols: 1
         dt: f
         data: [ 4.73651123e+00, -3.77690226e-01, -1.30617225e+00 ]
      dRi: !!opencv-matrix
         rows: 3
         cols: 3
         dt: f
         data: [ 9.99999821e-01, -4.88487945e-04, -3.63010244e-04,
             4.88550228e-04, 9.99999881e-01, 1.71471431e-04,
             3.62926454e-04, -1.71648746e-04, 9.99999940e-01 ]
      dBai: !!opencv-matrix
         rows: 3
         cols: 1
         dt: f
         data: [ 2.25484069e-03, -9.27708053e-04, -1.85373425e-03 ]
      dBgi: !!opencv-matrix
         rows: 3
         cols: 1
         dt: f
         data: [ -2.06701031e-07, -3.39059227e-07, 6.41266013e-07 ]
      CovPVPhi: !!opencv-matrix
         rows: 9
         cols: 9
         dt: f
         data: [ 1.26093058e-04, 5.29111901e-08, 1.82552725e-07,
             3.78399011e-04, 2.65687902e-07, 9.17306124e-07,
             -9.85623250e-11, -2.59507402e-07, 7.50380025e-08,
             5.29111901e-08, 1.26750747e-04, -1.45925760e-08,
             2.64445475e-07, 3.81704042e-04, -7.29305540e-08,
             2.59831069e-07, -2.86903862e-10, 9.40860048e-07,
             1.82552725e-07, -1.45925760e-08, 1.26704632e-04,
             9.17175555e-07, -7.32627683e-08, 3.81472200e-04,
             -7.55372653e-08, -9.40916550e-07, -1.34476902e-10,
             3.78399011e-04, 2.64445475e-07, 9.17175555e-07,
             1.51396799e-03, 1.41623013e-06, 4.91597757e-06,
             -5.95177518e-10, -1.56459453e-06, 4.49794925e-07,
             2.65687902e-07, 3.81704042e-04, -7.32627683e-08,
             1.41623013e-06, 1.53168384e-03, -3.90511957e-07,
             1.56654676e-06, -1.72995029e-09, 5.67358120e-06,
             9.17306124e-07, -7.29305540e-08, 3.81472200e-04,
             4.91597757e-06, -3.90511957e-07, 1.53044076e-03,
             -4.52805551e-07, -5.67392317e-06, -8.11889556e-10,
             -9.85623250e-11, 2.59831069e-07, -7.55372653e-08,
             -5.95177518e-10, 1.56654676e-06, -4.52805551e-07,
             2.42000010e-06, 2.66798008e-18, 1.76422454e-17,
             -2.59507402e-07, -2.86903862e-10, -9.40916550e-07,
             -1.56459453e-06, -1.72995029e-09, -5.67392317e-06,
             2.66798008e-18, 2.42000010e-06, -1.82992717e-17,
             7.50380025e-08, 9.40860048e-07, -1.34476902e-10,
             4.49794925e-07, 5.67358120e-06, -8.11889556e-10,
             1.76422454e-17, -1.82992717e-17, 2.42000010e-06 ]
      dpdba: !!opencv-matrix
         rows: 3
         cols: 3
         dt: f
         data: [ -1.26249999e-01, 1.54365334e-05, 8.75661590e-06,
             -1.54373884e-05, -1.26249999e-01, -8.72070996e-06,
             -8.75521255e-06, 8.72314558e-06, -1.26249999e-01 ]
      dpdbg: !!opencv-matrix
         rows: 3
         cols: 3
         dt: f
         data: [ -3.12399759e-04, 5.44268079e-02, -1.57424416e-02,
             -5.44343404e-02, -3.00097454e-04, -1.97360486e-01,
             1.57597829e-02, 1.97361693e-01, -3.04668152e-04 ]
      dqdbg: !!opencv-matrix
         rows: 3
         cols: 3
         dt: f
         data: [ -4.99999970e-01, -1.36182964e-04, -1.17214528e-04,
             1.36171424e-04, -4.99999970e-01, 4.24579630e-05,
             1.17228105e-04, -4.24174359e-05, -4.99999970e-01 ]
      dvdba: !!opencv-matrix
         rows: 3
         cols: 3
         dt: f
         data: [ -4.99999970e-01, 1.08076507e-04, 6.42698433e-05,
             -1.08083674e-04, -4.99999970e-01, -4.33351524e-05,
             -6.42584564e-05, 4.33576424e-05, -5.00000000e-01 ]
      dvdbg: !!opencv-matrix
         rows: 3
         cols: 3
         dt: f
         data: [ 3.32029413e-05, 3.26574922e-01, -9.38957483e-02,
             -3.26649934e-01, 1.21265184e-04, -1.18430257e+00,
             9.40619931e-02, 1.18431365e+00, 7.51784828e-05 ]
   -
      Id: 5
      Pi: !!opencv-matrix
         rows: 3
         cols: 1
         dt: f
         data: [ 1.09579861e-01, 3.60829115e-01, 2.85837382e-01 ]
      Qi: !!opencv-matrix
         rows: 4
         cols: 1
         dt: f
         data: [ 6.96769536e-01, 1.15106106e-01, -7.30240345e-02,
             -7.04223216e-01 ]
      Vi: !!opencv-matrix
         rows: 3
         cols: 1
         dt: f
         data: [ 1.31538452e-03, 2.26376932e-02, 8.59779771e-03 ]
      Bai: !!opencv-matrix
         rows: 3
         cols: 1
         dt: f
         data: [ -5.88696711e-02, 2.31136814e-01, 3.15541439e-02 ]
      Bgi: !!opencv-matrix
         rows: 3
         cols: 1
         dt: f
         data: [ -3.11261672e-03, 2.13173237e-02, 7.87530988e-02 ]
      DeltaT: 5.0000000000000000e-01
      dPi: !!opencv-matrix
         rows: 3
         cols: 1
         dt: f
         data: [ 1.19611835e+00, -9.53515321e-02, -3.29596311e-01 ]
      dVi: !!opencv-matrix
         rows: 3
         cols: 1
         dt: f
         data: [ 4.73804855e+00, -3.75990063e-01, -1.30522418e+00 ]
      dRi: !!opencv-matrix
         rows: 3
         cols: 3
         dt: f
         data: [ 9.99999821e-01, -5.72450052e-04, -2.47769814e-04,
             5.72425546e-04, 9.99999821e-01, -9.89796972e-05,
             2.47826451e-04, 9.88378524e-05, 9.99999940e-01 ]
      dBai: !!opencv-matrix
         rows: 3
         cols: 1
         dt: f
         data: [ 2.66905362e-03, -1.11882249e-03, -2.18004594e-03 ]
      dBgi: !!opencv-matrix
         rows: 3
         cols: 1
         dt: f
         data: [ -1.81209941e-07, -4.02775214e-07, 7.76593254e-07 ]
      CovPVPhi: !!opencv-matrix
         rows: 9
         cols: 9
         dt: f
         data: [ 1.26092884e-04, 5.24444594e-08, 1.82355919e-07,
             3.78398225e-04, 2.63538226e-07, 9.16501449e-07,
             -1.26062757e-10, -2.59159208e-07, 7.45659889e-08,
             5.24444594e-08, 1.26750587e-04, -1.44494772e-08,
             2.63198785e-07, 3.81704362e-04, -7.25047542e-08,
             2.59408637e-07, -4.39774467e-11, 9.40967936e-07,
             1.82355919e-07, -1.44494772e-08, 1.26704501e-04,
             9.16323131e-07, -7.25841645e-08, 3.81472782e-04,
             -7.50652376e-08, -9.40992493e-07, 1.20470134e-10,
             3.78398225e-04, 2.63198785e-07, 9.16323131e-07,
             1.51396461e-03, 1.41101202e-06, 4.91284482e-06,
             -7.60583152e-10, -1.56316639e-06, 4.48930308e-07,
             2.63538226e-07, 3.81704362e-04, -7.25841645e-08,
             1.41101202e-06, 1.53169211e-03, -3.88589740e-07,
             1.56467092e-06, -2.65231365e-10, 5.67586903e-06,
             9.16501449e-07, -7.25047542e-08, 3.81472782e-04,
             4.91284482e-06, -3.88589740e-07, 1.53045065e-03,
             -4.51941730e-07, -5.67601774e-06, 7.26452065e-10,
             -1.26062757e-10, 2.59408637e-07, -7.50652376e-08,
             -7.60583152e-10, 1.56467092e-06, -4.51941730e-07,
             2.42000010e-06, -7.69715383e-18, 1.57501574e-17,
             -2.59159208e-07, -4.39774467e-11, -9.40992493e-07,
             -1.56316639e-06, -2.65231365e-10, -5.67601774e-06,
             -7.69715383e-18, 2.42000010e-06, -5.82697167e-18,
             7.45659889e-08, 9.40967936e-07, 1.20470134e-10,
             4.48930308e-07, 5.67586903e-06, 7.26452065e-10,
             1.57501574e-17, -5.82697167e-18, 2.42000010e-06 ]
      dpdba: !!opencv-matrix
         rows: 3
         cols: 3
         dt: f
         data: [ -1.26249999e-01, 9.89467298e-06, 1.50308251e-05,
             -9.89362798e-06, -1.26249999e-01, 5.20504454e-06,
             -1.50319293e-05, -5.20258345e-06, -1.26249999e-01 ]
      dpdbg: !!opencv-matrix
         rows: 3
         cols: 3
         dt: f
         data: [ -3.15354206e-04, 5.43601774e-02, -1.56331081e-02,
             -5.43788038e-02, -3.19250277e-04, -1.97374925e-01,
             1.56378690e-02, 1.97379440e-01, -3.22405220e-04 ]
      dqdbg: !!opencv-matrix
         rows: 3
         cols: 3
         dt: f
         data: [ -4.99999940e-01, -1.98877809e-04, -4.37049202e-05,
             1.98881069e-04, -4.99999940e-01, -1.79193321e-05,
             4.36943192e-05, 1.79429408e-05, -5.00000000e-01 ]
      dvdba: !!opencv-matrix
         rows: 3
         cols: 3
         dt: f
         data: [ -4.99999970e-01, 8.73427343e-05, 8.01902643e-05,
             -8.73359822e-05, -4.99999970e-01, 3.15455363e-05,
             -8.01992428e-05, -3.15253019e-05, -5.00000000e-01 ]
      dvdbg: !!opencv-matrix
         rows: 3
         cols: 3
         dt: f
         data: [ 1.41856308e-05, 3.26276183e-01, -9.36017483e-02,
             -3.26420605e-01, -2.32953826e-05, -1.18471146e+00,
             9.36801359e-02, 1.18474293e+00, -5.97013313e-05 ]
