%YAML:1.0
---
cntFrames: 6
G: !!opencv-matrix
   rows: 3
   cols: 1
   dt: f
   data: [ 5.45640774e-02, 9.25659943e+00, 3.24784493e+00 ]
fx: 4.3520468139648438e+02
fy: 4.3520468139648438e+02
cx: 3.6745172119140625e+02
cy: 2.5220085144042969e+02
mbf: 4.7906394958496094e+01
mb: 1.1007785052061081e-01
Tbc: !!opencv-matrix
   rows: 4
   cols: 4
   dt: f
   data: [ 1.48655428e-02, -9.99880910e-01, 4.14029695e-03,
       -2.16401462e-02, 9.99557257e-01, 1.49672134e-02, 2.57155299e-02,
       -6.46769851e-02, -2.57744361e-02, 3.75618832e-03, 9.99660730e-01,
       9.81073081e-03, 0., 0., 0., 1. ]
Ric: !!opencv-matrix
   rows: 3
   cols: 3
   dt: f
   data: [ 1.48655428e-02, -9.99880910e-01, 4.14029695e-03,
       9.99557257e-01, 1.49672134e-02, 2.57155299e-02, -2.57744361e-02,
       3.75618832e-03, 9.99660730e-01 ]
Tic: !!opencv-matrix
   rows: 4
   cols: 1
   dt: f
   data: [ -2.16401462e-02, -6.46769851e-02, 9.81073081e-03, 1. ]
PreintData:
   -
      Id: 0
      Pi: !!opencv-matrix
         rows: 3
         cols: 1
         dt: f
         data: [ 1.09681554e-01, 3.60834450e-01, 2.85811722e-01 ]
      Qi: !!opencv-matrix
         rows: 4
         cols: 1
         dt: f
         data: [ 6.96796417e-01, 1.15156807e-01, -7.30797201e-02,
             -7.04182506e-01 ]
      Vi: !!opencv-matrix
         rows: 3
         cols: 1
         dt: f
         data: [ 1.21319760e-03, 2.42323931e-02, 8.15756712e-03 ]
      Bai: !!opencv-matrix
         rows: 3
         cols: 1
         dt: f
         data: [ -5.58433682e-02, 2.29866251e-01, 2.90962309e-02 ]
      Bgi: !!opencv-matrix
         rows: 3
         cols: 1
         dt: f
         data: [ -3.11281579e-03, 2.13168617e-02, 7.87539855e-02 ]
      DeltaT: 5.0000000000000000e-01
      dPi: !!opencv-matrix
         rows: 3
         cols: 1
         dt: f
         data: [ 1.19631302e+00, -9.52982008e-02, -3.29854697e-01 ]
      dVi: !!opencv-matrix
         rows: 3
         cols: 1
         dt: f
         data: [ 4.73689985e+00, -3.76077503e-01, -1.30541539e+00 ]
      dRi: !!opencv-matrix
         rows: 3
         cols: 3
         dt: f
         data: [ 9.99999881e-01, -3.58977937e-04, -3.92489485e-04,
             3.58992489e-04, 9.99999940e-01, 3.70191083e-05,
             3.92476184e-04, -3.71600036e-05, 9.99999940e-01 ]
      dBai: !!opencv-matrix
         rows: 3
         cols: 1
         dt: f
         data: [ 0., 0., 0. ]
      dBgi: !!opencv-matrix
         rows: 3
         cols: 1
         dt: f
         data: [ 0., 0., 0. ]
      CovPVPhi: !!opencv-matrix
         rows: 9
         cols: 9
         dt: f
         data: [ 1.26093029e-04, 5.26016173e-08, 1.82623225e-07,
             3.78398661e-04, 2.64179505e-07, 9.17451359e-07,
             -6.45561521e-11, -2.59519453e-07, 7.47021573e-08,
             5.26016173e-08, 1.26751052e-04, -1.45065258e-08,
             2.63592625e-07, 3.81704565e-04, -7.26920177e-08,
             2.59882370e-07, -1.33504874e-10, 9.41021824e-07,
             1.82623225e-07, -1.45065258e-08, 1.26704865e-04,
             9.16688464e-07, -7.27932843e-08, 3.81472695e-04,
             -7.50526254e-08, -9.41095834e-07, -1.06948270e-11,
             3.78398661e-04, 2.63592625e-07, 9.16688464e-07,
             1.51396508e-03, 1.41201531e-06, 4.91161882e-06,
             -3.89057009e-10, -1.56269823e-06, 4.48966887e-07,
             2.64179505e-07, 3.81704565e-04, -7.27932843e-08,
             1.41201531e-06, 1.53168058e-03, -3.89025246e-07,
             1.56488602e-06, -8.04181166e-10, 5.67299094e-06,
             9.17451359e-07, -7.26920177e-08, 3.81472695e-04,
             4.91161882e-06, -3.89025246e-07, 1.53043913e-03,
             -4.51079586e-07, -5.67343704e-06, -6.50103998e-11,
             -6.45561521e-11, 2.59882370e-07, -7.50526254e-08,
             -3.89057009e-10, 1.56488602e-06, -4.51079586e-07,
             2.42000010e-06, -1.72880572e-18, 2.43121865e-18,
             -2.59519453e-07, -1.33504874e-10, -9.41095834e-07,
             -1.56269823e-06, -8.04181166e-10, -5.67343704e-06,
             -1.72880572e-18, 2.42000010e-06, -3.52901885e-18,
             7.47021573e-08, 9.41021824e-07, -1.06948270e-11,
             4.48966887e-07, 5.67299094e-06, -6.50103998e-11,
             2.43121865e-18, -3.52901885e-18, 2.42000010e-06 ]
      dpdba: !!opencv-matrix
         rows: 3
         cols: 3
         dt: f
         data: [ -1.26249999e-01, 1.32656896e-05, 2.01539315e-05,
             -1.32648865e-05, -1.26249999e-01, 4.96611210e-06,
             -2.01545463e-05, -4.96359644e-06, -1.26249999e-01 ]
      dpdbg: !!opencv-matrix
         rows: 3
         cols: 3
         dt: f
         data: [ -3.13596567e-04, 5.44314571e-02, -1.56723447e-02,
             -5.44604808e-02, -3.18567530e-04, -1.97389558e-01,
             1.56858936e-02, 1.97396159e-01, -3.25112749e-04 ]
      dqdbg: !!opencv-matrix
         rows: 3
         cols: 3
         dt: f
         data: [ -4.99999970e-01, -9.89263644e-05, -9.72190464e-05,
             9.89188629e-05, -5.00000000e-01, 3.35751174e-05,
             9.72265188e-05, -3.35522927e-05, -5.00000000e-01 ]
      dvdba: !!opencv-matrix
         rows: 3
         cols: 3
         dt: f
         data: [ -4.99999970e-01, 8.05758245e-05, 9.90136250e-05,
             -8.05738309e-05, -5.00000000e-01, 1.50307214e-05,
             -9.90152184e-05, -1.50111755e-05, -5.00000000e-01 ]
      dvdbg: !!opencv-matrix
         rows: 3
         cols: 3
         dt: f
         data: [ 1.91611325e-05, 3.26115072e-01, -9.36957896e-02,
             -3.26307327e-01, -1.25856059e-05, -1.18392646e+00,
             9.38066617e-02, 1.18396866e+00, -6.15803583e-05 ]
   -
      Id: 1
      Pi: !!opencv-matrix
         rows: 3
         cols: 1
         dt: f
         data: [ 1.09641299e-01, 3.60832483e-01, 2.85852075e-01 ]
      Qi: !!opencv-matrix
         rows: 4
         cols: 1
         dt: f
         data: [ 6.96783364e-01, 1.15154848e-01, -7.30390549e-02,
             -7.04199970e-01 ]
      Vi: !!opencv-matrix
         rows: 3
         cols: 1
         dt: f
         data: [ 4.20199620e-04, 2.46981122e-02, 9.86664556e-03 ]
      Bai: !!opencv-matrix
         rows: 3
         cols: 1
         dt: f
         data: [ -5.64021394e-02, 2.30061412e-01, 2.95486785e-02 ]
      Bgi: !!opencv-matrix
         rows: 3
         cols: 1
         dt: f
         data: [ -3.11283814e-03, 2.13169996e-02, 7.87538290e-02 ]
      DeltaT: 5.0000000000000000e-01
      dPi: !!opencv-matrix
         rows: 3
         cols: 1
         dt: f
         data: [ 1.19688988e+00, -9.48642567e-02, -3.29875886e-01 ]
      dVi: !!opencv-matrix
         rows: 3
         cols: 1
         dt: f
         data: [ 4.73888826e+00, -3.76066685e-01, -1.30533421e+00 ]
      dRi: !!opencv-matrix
         rows: 3
         cols: 3
         dt: f
         data: [ 9.99999881e-01, -4.06212639e-04, -3.27912247e-04,
             4.06198495e-04, 9.99999940e-01, -4.32375527e-05,
             3.27929767e-04, 4.31043518e-05, 9.99999940e-01 ]
      dBai: !!opencv-matrix
         rows: 3
         cols: 1
         dt: f
         data: [ 5.58772066e-04, -1.95157845e-04, -4.52448992e-04 ]
      dBgi: !!opencv-matrix
         rows: 3
         cols: 1
         dt: f
         data: [ 2.24967582e-08, -1.37846456e-07, 1.58481825e-07 ]
      CovPVPhi: !!opencv-matrix
         rows: 9
         cols: 9
         dt: f
         data: [ 1.26092957e-04, 5.26461257e-08, 1.82564776e-07,
             3.78398516e-04, 2.64442775e-07, 9.17222621e-07,
             -8.20028004e-11, -2.59379135e-07, 7.47676410e-08,
             5.26461257e-08, 1.26751460e-04, -1.45036045e-08,
             2.64461789e-07, 3.81706835e-04, -7.28585405e-08,
             2.59700215e-07, -5.50887669e-11, 9.41427061e-07,
             1.82564776e-07, -1.45036045e-08, 1.26705359e-04,
             9.16796125e-07, -7.28194465e-08, 3.81475285e-04,
             -7.51422533e-08, -9.41483506e-07, 7.73811085e-11,
             3.78398516e-04, 2.64461789e-07, 9.16796125e-07,
